                                     Overall                             Home                 Away
Rnk Team                  W  L  T   PF   PA    RATE     SOS        W  L  T   PF   PA    W  L  T   PF   PA
--- ----                  -  -  -   --   --  ------  ------        -  -  -   --   --    -  -  -   --   --
  1 Buffalo              13  2  0  420  249  55.240  49.314 (  8)  0  0  0    0    0    0  0  0    0    0
  2 Boston               10  3  1  365  297  52.848  49.529 (  7)  0  0  0    0    0    0  0  0    0    0
  3 San Diego             8  6  1  348  320  51.096  50.143 (  3)  0  0  0    0    0    0  0  0    0    0
  4 Kansas City           7  7  0  366  306  50.331  49.888 (  6)  0  0  0    0    0    0  0  0    0    0
  5 Oakland               5  7  2  303  350  48.892  50.094 (  5)  0  0  0    0    0    0  0  0    0    0
  6 NY Jets               5  8  1  278  315  48.585  50.138 (  4)  0  0  0    0    0    0  0  0    0    0
  7 Houston               4 10  0  310  355  47.494  50.293 (  2)  0  0  0    0    0    0  0  0    0    0
  8 Denver                2 11  1  240  438  45.062  50.641 (  1)  0  0  0    0    0    0  0  0    0    0
