                                     Overall                             Home                 Away
Rnk Team                  W  L  T   PF   PA    RATE     SOS        W  L  T   PF   PA    W  L  T   PF   PA
--- ----                  -  -  -   --   --  ------  ------        -  -  -   --   --    -  -  -   --   --
  1 Houston              11  4  0  403  301  52.873  49.682 (  8)  0  0  0    0    0    0  0  0    0    0
  2 LA Chargers          10  5  0  389  360  51.618  49.933 (  6)  0  0  0    0    0    0  0  0    0    0
  3 Dallas                8  6  0  362  253  51.602  49.725 (  7)  0  0  0    0    0    0  0  0    0    0
  4 NY Titans             7  7  0  382  399  49.835  49.978 (  5)  0  0  0    0    0    0  0  0    0    0
  5 Oakland               6  8  0  319  388  48.917  50.109 (  4)  0  0  0    0    0    0  0  0    0    0
  6 Buffalo               5  8  1  296  303  48.875  50.115 (  3)  0  0  0    0    0    0  0  0    0    0
  7 Boston                5  9  0  286  349  48.073  50.230 (  2)  0  0  0    0    0    0  0  0    0    0
  8 Denver                4  9  1  309  393  47.887  50.256 (  1)  0  0  0    0    0    0  0  0    0    0
