                                     Overall                             Home                 Away
Rnk Team                  W  L  T   PF   PA    RATE     SOS        W  L  T   PF   PA    W  L  T   PF   PA
--- ----                  -  -  -   --   --  ------  ------        -  -  -   --   --    -  -  -   --   --
  1 San Diego            12  3  0  450  265  54.176  49.446 (  8)  0  0  0    0    0    0  0  0    0    0
  2 Oakland              10  4  0  363  282  52.376  49.602 (  7)  0  0  0    0    0    0  0  0    0    0
  3 Boston                8  7  1  363  316  50.853  50.093 (  4)  0  0  0    0    0    0  0  0    0    0
  4 Buffalo               7  7  1  312  317  49.830  50.025 (  5)  0  0  0    0    0    0  0  0    0    0
  5 Kansas City           5  7  2  347  263  49.445  50.021 (  6)  0  0  0    0    0    0  0  0    0    0
  6 Houston               6  8  0  302  372  48.838  50.108 (  3)  0  0  0    0    0    0  0  0    0    0
  7 NY Jets               5  8  1  249  399  48.248  50.192 (  2)  0  0  0    0    0    0  0  0    0    0
  8 Denver                2 11  1  301  473  45.826  50.538 (  1)  0  0  0    0    0    0  0  0    0    0
