                                     Overall                             Home                 Away
Rnk Team                  W  L  T   PF   PA    RATE     SOS        W  L  T   PF   PA    W  L  T   PF   PA
--- ----                  -  -  -   --   --  ------  ------        -  -  -   --   --    -  -  -   --   --
  1 Kansas City          12  2  1  479  283  54.935  49.647 (  8)  0  0  0    0    0    0  0  0    0    0
  2 Buffalo               9  5  1  365  286  52.092  50.173 (  4)  0  0  0    0    0    0  0  0    0    0
  3 Boston                8  4  2  315  283  51.876  49.894 (  6)  0  0  0    0    0    0  0  0    0    0
  4 San Diego             7  6  1  335  284  51.204  50.302 (  3)  0  0  0    0    0    0  0  0    0    0
  5 Oakland               8  5  1  315  288  51.000  49.502 (  9)  0  0  0    0    0    0  0  0    0    0
  6 NY Jets               6  6  2  322  312  49.883  49.868 (  7)  0  0  0    0    0    0  0  0    0    0
  7 Houston               3 11  0  335  396  46.637  49.970 (  5)  0  0  0    0    0    0  0  0    0    0
  8 Denver                4 10  0  196  381  46.150  50.337 (  1)  0  0  0    0    0    0  0  0    0    0
  9 Miami                 3 11  0  213  362  45.720  50.320 (  2)  0  0  0    0    0    0  0  0    0    0
