                                     Overall                             Home                 Away
Rnk Team                  W  L  T   PF   PA    RATE     SOS        W  L  T   PF   PA    W  L  T   PF   PA
--- ----                  -  -  -   --   --  ------  ------        -  -  -   --   --    -  -  -   --   --
  1 Dallas               12  3  0  409  250  54.412  49.552 (  8)  0  0  0    0    0    0  0  0    0    0
  2 Houston              11  4  0  404  290  53.196  49.795 (  6)  0  0  0    0    0    0  0  0    0    0
  3 Boston                9  4  1  346  295  51.982  49.639 (  7)  0  0  0    0    0    0  0  0    0    0
  4 Buffalo               7  6  1  309  272  50.698  49.823 (  5)  0  0  0    0    0    0  0  0    0    0
  5 Denver                7  7  0  353  334  50.201  49.894 (  4)  0  0  0    0    0    0  0  0    0    0
  6 NY Titans             5  9  0  278  423  47.712  50.249 (  3)  0  0  0    0    0    0  0  0    0    0
  7 San Diego             4 10  0  314  392  47.195  50.323 (  2)  0  0  0    0    0    0  0  0    0    0
  8 Oakland               1 13  0  213  370  44.060  50.771 (  1)  0  0  0    0    0    0  0  0    0    0
