                                     Overall                             Home                 Away
Rnk Team                  W  L  T   PF   PA    RATE     SOS        W  L  T   PF   PA    W  L  T   PF   PA
--- ----                  -  -  -   --   --  ------  ------        -  -  -   --   --    -  -  -   --   --
  1 Oakland              14  1  0  508  240  56.767  49.295 (  9)  0  0  0    0    0    0  0  0    0    0
  2 Kansas City           9  5  0  408  254  53.063  49.948 (  5)  0  0  0    0    0    0  0  0    0    0
  3 San Diego             8  5  1  360  352  51.336  49.880 (  6)  0  0  0    0    0    0  0  0    0    0
  4 Houston               9  5  1  265  239  51.286  49.678 (  7)  0  0  0    0    0    0  0  0    0    0
  5 NY Jets               8  5  1  371  329  51.104  49.573 (  8)  0  0  0    0    0    0  0  0    0    0
  6 Buffalo               4 10  0  237  285  46.758  50.067 (  4)  0  0  0    0    0    0  0  0    0    0
  7 Boston                3 10  1  280  389  46.688  50.420 (  2)  0  0  0    0    0    0  0  0    0    0
  8 Denver                3 11  0  256  409  46.526  50.944 (  1)  0  0  0    0    0    0  0  0    0    0
  9 Miami                 4 10  0  219  407  45.897  50.269 (  3)  0  0  0    0    0    0  0  0    0    0
