                                     Overall                             Home                 Away
Rnk Team                  W  L  T   PF   PA    RATE     SOS        W  L  T   PF   PA    W  L  T   PF   PA
--- ----                  -  -  -   --   --  ------  ------        -  -  -   --   --    -  -  -   --   --
  1 Houston              11  3  1  523  245  54.838  49.572 (  8)  0  0  0    0    0    0  0  0    0    0
  2 San Diego            12  3  0  399  229  54.600  49.619 (  6)  0  0  0    0    0    0  0  0    0    0
  3 Boston                9  4  1  413  313  52.264  49.580 (  7)  0  0  0    0    0    0  0  0    0    0
  4 NY Titans             7  7  0  301  390  49.413  49.988 (  5)  0  0  0    0    0    0  0  0    0    0
  5 Dallas                6  8  0  334  343  48.954  50.053 (  4)  0  0  0    0    0    0  0  0    0    0
  6 Buffalo               6  8  0  294  342  48.784  50.077 (  3)  0  0  0    0    0    0  0  0    0    0
  7 Denver                3 11  0  251  432  45.839  50.498 (  2)  0  0  0    0    0    0  0  0    0    0
  8 Oakland               2 12  0  237  458  44.633  50.670 (  1)  0  0  0    0    0    0  0  0    0    0
