                                     Overall                             Home                 Away
Rnk Team                  W  L  T   PF   PA    RATE     SOS        W  L  T   PF   PA    W  L  T   PF   PA
--- ----                  -  -  -   --   --  ------  ------        -  -  -   --   --    -  -  -   --   --
  1 Kansas City          13  3  0  389  190  55.671  49.908 (  6)  0  0  0    0    0    0  0  0    0    0
  2 Oakland              13  2  1  440  266  55.049  49.845 (  7)  0  0  0    0    0    0  0  0    0    0
  3 NY Jets              10  5  0  359  282  51.730  49.243 ( 10)  0  0  0    0    0    0  0  0    0    0
  4 San Diego             8  6  0  288  276  50.632  50.175 (  3)  0  0  0    0    0    0  0  0    0    0
  5 Denver                5  8  1  297  344  49.049  50.550 (  2)  0  0  0    0    0    0  0  0    0    0
  6 Houston               6  7  2  285  335  48.980  49.638 (  9)  0  0  0    0    0    0  0  0    0    0
  7 Cincinnati            4  9  1  280  367  48.004  50.896 (  1)  0  0  0    0    0    0  0  0    0    0
  8 Boston                4 10  0  266  316  46.885  49.664 (  8)  0  0  0    0    0    0  0  0    0    0
  9 Buffalo               4 10  0  230  359  46.272  50.111 (  4)  0  0  0    0    0    0  0  0    0    0
 10 Miami                 3 10  1  233  332  46.145  50.085 (  5)  0  0  0    0    0    0  0  0    0    0
