                                     Overall                             Home                 Away
Rnk Team                  W  L  T   PF   PA    RATE     SOS        W  L  T   PF   PA    W  L  T   PF   PA
--- ----                  -  -  -   --   --  ------  ------        -  -  -   --   --    -  -  -   --   --
  1 Buffalo              11  3  1  336  226  53.687  49.620 (  8)  0  0  0    0    0    0  0  0    0    0
  2 San Diego             9  3  3  340  250  52.572  49.843 (  5)  0  0  0    0    0    0  0  0    0    0
  3 Oakland               8  5  1  298  239  51.257  49.757 (  7)  0  0  0    0    0    0  0  0    0    0
  4 Kansas City           7  5  2  322  285  50.809  49.821 (  6)  0  0  0    0    0    0  0  0    0    0
  5 NY Jets               5  8  1  285  303  48.760  50.113 (  4)  0  0  0    0    0    0  0  0    0    0
  6 Boston                4  8  2  244  302  47.990  50.223 (  3)  0  0  0    0    0    0  0  0    0    0
  7 Denver                4 10  0  303  392  47.419  50.305 (  2)  0  0  0    0    0    0  0  0    0    0
  8 Houston               4 10  0  298  429  47.059  50.356 (  1)  0  0  0    0    0    0  0  0    0    0
