                                     Overall                             Home                 Away
Rnk Team                  W  L  T   PF   PA    RATE     SOS        W  L  T   PF   PA    W  L  T   PF   PA
--- ----                  -  -  -   --   --  ------  ------        -  -  -   --   --    -  -  -   --   --
  1 Oakland              13  3  0  517  266  55.914  49.874 (  6)  0  0  0    0    0    0  0  0    0    0
  2 Kansas City          12  3  0  377  211  55.771  50.048 (  5)  0  0  0    0    0    0  0  0    0    0
  3 NY Jets              12  3  0  446  303  54.376  49.274 ( 10)  0  0  0    0    0    0  0  0    0    0
  4 San Diego             9  5  0  382  310  52.968  50.340 (  4)  0  0  0    0    0    0  0  0    0    0
  5 Houston               7  7  0  303  248  50.025  49.621 (  8)  0  0  0    0    0    0  0  0    0    0
  6 Denver                5  9  0  255  404  47.407  50.500 (  3)  0  0  0    0    0    0  0  0    0    0
  7 Miami                 5  8  1  276  355  47.303  49.300 (  9)  0  0  0    0    0    0  0  0    0    0
  8 Cincinnati            3 11  0  215  329  45.827  50.855 (  1)  0  0  0    0    0    0  0  0    0    0
  9 Boston                4 10  0  229  406  45.491  49.671 (  7)  0  0  0    0    0    0  0  0    0    0
 10 Buffalo               1 12  1  199  367  43.348  50.585 (  2)  0  0  0    0    0    0  0  0    0    0
