                                     Overall                             Home                 Away
Rnk Team                  W  L  T   PF   PA    RATE     SOS        W  L  T   PF   PA    W  L  T   PF   PA
--- ----                  -  -  -   --   --  ------  ------        -  -  -   --   --    -  -  -   --   --
  1 Washington           16  3  0  625  398  56.025  50.737 (  8)  9  1  0  348  197    7  1  0  268  163
  2 LA Raiders           15  4  0  548  371  55.355  50.683 (  9)  8  2  0  260  178    6  2  0  250  184
  3 Dallas               12  5  0  496  384  53.473  50.441 ( 11)  6  3  0  254  197    6  2  0  242  187
  4 Miami                12  5  0  409  277  53.034  49.872 ( 18)  7  2  0  273  161    5  3  0  136  116
  5 Seattle              11  8  0  475  454  52.235  51.244 (  3)  6  3  0  253  236    5  5  0  222  218
  6 San Francisco        11  7  0  477  340  52.129  50.210 ( 14)  5  4  0  206  160    6  3  0  271  180
  7 LA Rams              10  8  0  392  412  51.324  50.792 (  6)  5  3  0  202  197    5  5  0  190  215
  8 St Louis              8  7  1  374  428  50.657  50.738 (  7)  4  3  1  227  214    4  4  0  147  214
  9 New England           8  8  0  274  289  50.222  50.278 ( 13)  5  3  0  141  139    3  5  0  133  150
 10 New Orleans           8  8  0  319  337  50.096  50.150 ( 16)  5  3  0  188  170    3  5  0  131  167
 11 Denver                9  8  0  309  358  49.983  50.005 ( 17)  6  2  0  168  134    3  6  0  141  224
 12 Pittsburgh           10  7  0  365  341  49.880  48.681 ( 23)  4  4  0  161  124    6  3  0  204  217
 13 Kansas City           6 10  0  386  367  49.804  50.997 (  4)  5  3  0  204  135    1  7  0  182  232
 14 Atlanta               7  9  0  370  389  49.725  50.497 ( 10)  4  4  0  197  191    3  5  0  173  198
 15 NY Jets               7  9  0  313  331  49.555  50.362 ( 12)  2  6  0  136  178    5  3  0  177  153
 16 Buffalo               8  8  0  283  351  49.548  50.160 ( 15)  3  5  0  129  184    5  3  0  154  167
 17 Detroit               9  8  0  370  310  49.420  48.671 ( 25)  6  2  0  205  126    3  6  0  165  184
 18 Cleveland             9  7  0  356  342  49.219  48.346 ( 28)  6  2  0  173  124    3  5  0  183  218
 19 San Diego             6 10  0  358  462  49.173  51.337 (  2)  4  4  0  211  229    2  6  0  147  233
 20 Chicago               8  8  0  311  301  48.927  48.638 ( 26)  5  3  0  149  143    3  5  0  162  158
 21 Minnesota             8  8  0  316  348  48.497  48.676 ( 24)  3  5  0  161  195    5  3  0  155  153
 22 Cincinnati            7  9  0  346  302  48.402  48.858 ( 22)  4  4  0  178  142    3  5  0  168  160
 23 Green Bay             8  8  0  429  439  48.331  48.592 ( 27)  5  3  0  254  202    3  5  0  175  237
 24 Baltimore             7  9  0  264  354  48.198  49.563 ( 19)  3  5  0   97  138    4  4  0  167  216
 25 Philadelphia          5 11  0  233  322  48.184  50.927 (  5)  1  7  0  101  145    4  4  0  132  177
 26 NY Giants             3 12  1  267  347  47.605  51.378 (  1)  1  7  0  135  175    2  5  1  132  172
 27 Tampa Bay             2 14  0  241  380  43.942  49.245 ( 21)  1  7  0  123  174    1  7  0  118  206
 28 Houston               2 14  0  288  460  43.711  49.445 ( 20)  2  6  0  182  243    0  8  0  106  217
