                                     Overall                             Home                 Away
Rnk Team                  W  L  T   PF   PA    RATE     SOS        W  L  T   PF   PA    W  L  T   PF   PA
--- ----                  -  -  -   --   --  ------  ------        -  -  -   --   --    -  -  -   --   --
  1 San Francisco        17  2  0  568  279  56.732  49.739 ( 21)  8  2  0  294  120    8  0  0  219  149
  2 NY Giants            12  5  0  361  271  53.373  50.050 ( 13)  7  2  0  197  115    5  3  0  164  156
  3 Denver               13  6  0  433  325  53.285  50.650 (  3)  8  2  0  262  161    5  3  0  161  109
  4 LA Rams              13  6  0  469  394  52.951  50.280 (  9)  6  2  0  252  177    7  4  0  217  217
  5 Minnesota            10  7  0  364  316  51.672  50.282 (  8)  8  0  0  227  116    2  7  0  137  200
  6 Philadelphia         10  7  0  325  319  51.260  50.223 ( 10)  5  4  0  137  159    5  3  0  188  160
  7 Washington           10  6  0  386  308  51.177  49.109 ( 27)  4  4  0  200  187    6  2  0  186  121
  8 Cleveland            10  7  1  389  321  51.142  50.080 ( 12)  6  2  1  183  156    4  5  0  206  165
  9 New Orleans           9  7  0  386  301  51.054  49.731 ( 22)  4  3  0  158  107    5  4  0  228  194
 10 Buffalo               9  8  0  439  351  50.563  49.592 ( 25)  6  2  0  206  114    3  6  0  233  237
 11 Cincinnati            8  8  0  404  285  50.511  49.988 ( 14)  5  3  0  263  128    3  5  0  141  157
 12 Green Bay            10  6  0  362  356  50.489  49.221 ( 26)  6  2  0  170  164    4  4  0  192  192
 13 Kansas City           8  7  1  318  286  50.479  49.934 ( 16)  5  3  0  183  135    3  4  1  135  151
 14 Pittsburgh           10  8  0  314  373  50.385  49.968 ( 15)  4  4  0  130  178    6  4  0  184  195
 15 Seattle               8  8  0  265  303  50.122  50.482 (  5)  3  5  0  118  164    5  3  0  147  139
 16 Houston               9  8  0  388  438  50.023  49.893 ( 18)  6  3  0  254  183    3  5  0  134  255
 17 San Diego             7  9  0  292  264  49.951  50.298 (  7)  3  4  0  133  130    4  5  0  159  134
 18 Indianapolis          8  8  0  298  301  49.654  49.668 ( 24)  6  3  0  202  163    2  5  0   96  138
 19 Chicago               6 10  0  358  377  49.413  50.738 (  1)  4  4  0  206  176    2  6  0  152  201
 20 LA Raiders            7  9  0  289  323  49.365  50.203 ( 11)  6  3  0  187  171    1  6  0  102  152
 21 Detroit               7  9  0  312  364  48.813  49.833 ( 19)  4  4  0  148  159    3  5  0  164  205
 22 Miami                 8  8  0  331  379  48.780  48.899 ( 28)  4  4  0  181  181    4  4  0  150  198
 23 Tampa Bay             5 11  0  320  419  47.841  50.531 (  4)  2  6  0  173  196    3  5  0  147  223
 24 New England           5 11  0  297  391  46.835  49.708 ( 23)  3  5  0  161  180    2  6  0  136  211
 25 Phoenix               5 11  0  258  377  46.692  49.751 ( 20)  2  6  0  112  181    3  5  0  146  196
 26 NY Jets               4 12  0  253  411  45.694  49.910 ( 17)  1  7  0  101  169    3  5  0  152  242
 27 Atlanta               3 13  0  279  437  45.311  50.402 (  6)  3  5  0  175  206    0  8  0  104  231
 28 Dallas                1 15  0  204  393  43.378  50.706 (  2)  0  8  0   99  209    1  7  0  105  184
