                                     Overall                             Home                 Away
Rnk Team                  W  L  T   PF   PA    RATE     SOS        W  L  T   PF   PA    W  L  T   PF   PA
--- ----                  -  -  -   --   --  ------  ------        -  -  -   --   --    -  -  -   --   --
  1 Oakland              13  3  0  396  278  54.882  50.559 (  6)  7  2  0  232  176    6  1  0  164  102
  2 Pittsburgh           13  3  1  377  222  54.666  49.999 ( 13)  6  2  0  170   80    6  1  1  191  136
  3 Miami                11  4  0  353  244  53.075  49.339 ( 23)  7  0  0  182   92    4  4  0  171  152
  4 Washington           10  5  0  330  215  52.930  50.045 ( 12)  6  1  0  180   68    4  4  0  150  147
  5 Minnesota            12  5  0  360  235  52.810  49.658 ( 18)  6  3  0  195  116    6  1  0  159  103
  6 St Louis             10  5  0  309  248  52.289  49.860 ( 16)  5  2  0  153  117    5  3  0  156  131
  7 LA Rams              11  5  0  292  205  52.231  49.446 ( 20)  7  1  0  173   91    4  4  0  119  114
  8 Dallas                8  6  0  297  235  51.529  49.977 ( 14)  5  2  0  160  129    3  4  0  137  106
  9 Buffalo               9  6  0  278  276  51.236  50.108 ( 11)  5  2  0  114  111    4  4  0  164  165
 10 New England           7  7  0  348  289  51.082  50.371 (  7)  3  4  0  171  133    4  3  0  177  156
 11 Denver                7  6  1  302  294  50.727  50.315 (  9)  3  3  1  193  160    4  3  0  109  134
 12 Cincinnati            7  7  0  278  273  50.635  50.577 (  4)  4  3  0  163  131    3  4  0  115  142
 13 Houston               7  7  0  236  282  50.452  50.882 (  3)  3  4  0  110  112    4  3  0  126  170
 14 Philadelphia          7  7  0  242  217  49.993  49.754 ( 17)  5  2  0  165   98    2  5  0   77  119
 15 Detroit               7  7  0  270  266  49.464  49.488 ( 19)  5  2  0  142  119    2  5  0  128  147
 16 NY Jets               7  7  0  279  300  49.177  49.388 ( 22)  3  4  0  119  144    4  3  0  160  156
 17 Kansas City           5  9  0  227  293  48.963  51.123 (  2)  1  6  0  111  156    4  3  0  116  137
 18 Green Bay             6  8  0  210  206  48.515  49.148 ( 25)  4  3  0  122  104    2  5  0   88  102
 19 San Francisco         6  8  0  227  217  48.418  49.172 ( 24)  3  4  0  118  113    3  4  0  109  104
 20 Cleveland             4 10  0  241  344  48.414  51.419 (  1)  3  4  0  124  143    1  6  0  117  201
 21 San Diego             5  9  0  212  275  48.191  50.357 (  8)  3  4  0  133  128    2  5  0   79  147
 22 New Orleans           5  9  0  147  273  47.081  49.884 ( 15)  4  3  0   82  106    1  6  0   65  167
 23 Chicago               4 10  0  152  279  45.597  49.133 ( 26)  4  3  0   88  115    0  7  0   64  164
 24 Baltimore             2 12  0  190  329  45.095  50.565 (  5)  0  7  0  118  177    2  5  0   72  152
 25 NY Giants             2 12  0  195  293  45.021  50.143 ( 10)  0  7  0   92  145    2  5  0  103  148
 26 Atlanta               3 11  0  111  271  44.229  49.412 ( 21)  2  5  0   50  113    1  6  0   61  158
