                                     Overall                             Home                 Away
Rnk Team                  W  L  T   PF   PA    RATE     SOS        W  L  T   PF   PA    W  L  T   PF   PA
--- ----                  -  -  -   --   --  ------  ------        -  -  -   --   --    -  -  -   --   --
  1 Dallas               15  4  0  530  346  54.835  50.407 (  7)  8  2  0  283  209    6  2  0  220  120
  2 Kansas City          13  4  0  365  251  53.506  49.777 ( 20)  8  1  0  200  129    5  3  0  165  122
  3 Green Bay            13  6  0  495  389  53.116  50.457 (  6)  8  1  0  251  155    5  5  0  244  234
  4 San Francisco        11  6  0  474  285  52.869  50.089 ( 15)  6  3  0  225  130    5  3  0  249  155
  5 Pittsburgh           13  6  0  484  391  52.279  49.767 ( 21)  8  2  0  253  188    5  3  0  214  176
  6 Detroit              10  7  0  473  394  51.583  50.122 ( 12)  7  1  0  248  149    3  6  0  225  245
  7 Chicago               9  7  0  392  360  51.081  50.123 ( 11)  5  3  0  223  185    4  4  0  169  175
  8 Philadelphia         11  7  0  387  405  51.009  50.114 ( 13)  7  2  0  242  197    4  5  0  145  208
  9 Minnesota             8  8  0  412  385  50.880  50.667 (  3)  6  2  0  194  140    2  6  0  218  245
 10 San Diego             9  8  0  341  358  50.700  50.598 (  4)  5  4  0  152  164    4  4  0  189  194
 11 Oakland               8  8  0  348  332  50.584  50.459 (  5)  4  4  0  211  178    4  4  0  137  154
 12 Miami                 9  8  0  420  369  50.581  49.637 ( 25)  5  3  0  193  161    4  5  0  227  208
 13 Indianapolis         11  8  0  392  363  50.427  49.451 ( 27)  5  3  0  157  147    6  5  0  235  216
 14 Buffalo              11  7  0  408  397  50.386  49.292 ( 30)  7  2  0  232  176    4  5  0  176  221
 15 Denver                8  8  0  388  345  50.360  50.188 ( 10)  6  2  0  220  146    2  6  0  168  199
 16 Atlanta               9  8  0  382  386  50.221  49.850 ( 18)  7  1  0  191  137    2  7  0  191  249
 17 Seattle               8  8  0  363  366  49.501  49.698 ( 23)  5  3  0  196  168    3  5  0  167  198
 18 New Orleans           7  9  0  319  348  49.157  49.874 ( 17)  4  4  0  182  180    3  5  0  137  168
 19 Houston               7  9  0  348  324  49.082  49.461 ( 26)  3  5  0  166  167    4  4  0  182  157
 20 Cincinnati            7  9  0  349  374  48.984  49.694 ( 24)  3  5  0  192  213    4  4  0  157  161
 21 Tampa Bay             7  9  0  238  335  48.804  50.213 (  9)  5  3  0  120  151    2  6  0  118  184
 22 St Louis              7  9  0  309  418  48.696  50.104 ( 14)  4  4  0  182  242    3  5  0  127  176
 23 Carolina              7  9  0  289  325  48.647  49.402 ( 29)  5  3  0  140  134    2  6  0  149  191
 24 Washington            6 10  0  326  359  48.440  50.223 (  8)  4  4  0  160  162    2  6  0  166  197
 25 NY Giants             5 11  0  290  340  48.399  50.780 (  1)  3  5  0  160  186    2  6  0  130  154
 26 New England           6 10  0  294  377  47.862  49.819 ( 19)  3  5  0  125  188    3  5  0  169  189
 27 Cleveland             5 11  0  289  356  47.599  49.984 ( 16)  3  5  0  164  166    2  6  0  125  190
 28 Arizona               4 12  0  275  422  46.702  50.673 (  2)  3  5  0  149  203    1  7  0  126  219
 29 Jacksonville          4 12  0  275  404  46.108  49.725 ( 22)  2  6  0  162  206    2  6  0  113  198
 30 NY Jets               3 13  0  233  384  44.839  49.407 ( 28)  2  6  0  131  183    1  7  0  102  201
