                                     Overall                             Home                 Away
Rnk Team                  W  L  T   PF   PA    RATE     SOS        W  L  T   PF   PA    W  L  T   PF   PA
--- ----                  -  -  -   --   --  ------  ------        -  -  -   --   --    -  -  -   --   --
  1 San Francisco        16  3  0  636  365  55.349  49.935 ( 17)  9  1  0  343  200    6  2  0  244  139
  2 Dallas               13  5  0  477  295  53.630  49.800 ( 21)  7  2  0  259  129    6  3  0  218  166
  3 Pittsburgh           13  5  0  358  260  53.066  49.567 ( 23)  8  2  0  196  130    5  3  0  162  130
  4 San Diego            13  6  0  446  389  52.706  50.273 (  8)  6  3  0  219  185    7  2  0  201  155
  5 Cleveland            12  6  0  369  246  52.125  49.389 ( 25)  7  2  0  221   91    5  4  0  148  155
  6 Miami                11  7  0  437  366  51.898  50.245 ( 11)  7  2  0  253  211    4  5  0  184  155
  7 Green Bay            10  8  0  407  334  51.480  50.397 (  4)  8  1  0  216  126    2  7  0  191  208
  8 Minnesota            10  7  0  374  349  51.475  50.457 (  2)  6  3  0  192  195    4  4  0  182  154
  9 New England          10  7  0  364  332  51.422  50.320 (  6)  5  3  0  173  161    5  4  0  191  171
 10 Detroit               9  8  0  369  358  51.052  50.801 (  1)  6  2  0  214  174    3  6  0  155  184
 11 Chicago              10  8  0  321  369  50.870  50.340 (  5)  5  3  0  128  140    5  5  0  193  229
 12 Kansas City           9  8  0  336  325  50.552  50.035 ( 14)  5  3  0  156  115    4  5  0  180  210
 13 LA Raiders            9  7  0  303  327  50.390  50.121 ( 13)  4  4  0  139  167    5  3  0  164  160
 14 NY Giants             9  7  0  279  305  49.695  49.320 ( 27)  4  4  0  151  151    5  3  0  128  154
 15 Buffalo               7  9  0  340  356  49.440  50.246 ( 10)  4  4  0  175  173    3  5  0  165  183
 16 Arizona               8  8  0  235  267  49.232  49.365 ( 26)  5  3  0  148  119    3  5  0   87  148
 17 Philadelphia          7  9  0  308  308  49.195  49.890 ( 19)  5  3  0  141  132    2  6  0  167  176
 18 Denver                7  9  0  347  396  49.139  49.942 ( 16)  4  4  0  196  211    3  5  0  151  185
 19 New Orleans           7  9  0  348  407  49.009  50.284 (  7)  3  5  0  190  251    4  4  0  158  156
 20 Atlanta               7  9  0  317  385  48.992  49.992 ( 15)  5  3  0  146  163    2  6  0  171  222
 21 Indianapolis          8  8  0  307  320  48.970  49.190 ( 28)  5  3  0  161  150    3  5  0  146  170
 22 NY Jets               6 10  0  264  320  48.574  50.430 (  3)  4  4  0  131  148    2  6  0  133  172
 23 Seattle               6 10  0  287  323  47.902  49.505 ( 24)  3  5  0  133  151    3  5  0  154  172
 24 Tampa Bay             6 10  0  251  351  47.741  49.889 ( 20)  4  4  0  143  158    2  6  0  108  193
 25 LA Rams               4 12  0  286  365  47.032  50.257 (  9)  3  5  0  135  160    1  7  0  151  205
 26 Washington            3 13  0  320  412  45.604  49.765 ( 22)  0  8  0  134  214    3  5  0  186  198
 27 Cincinnati            3 13  0  276  406  45.458  50.208 ( 12)  2  6  0  170  221    1  7  0  106  185
 28 Houston               2 14  0  226  352  44.576  49.930 ( 18)  2  6  0  104  120    0  8  0  122  232
