                                     Overall                             Home                 Away
Rnk Team                  W  L  T   PF   PA    RATE     SOS        W  L  T   PF   PA    W  L  T   PF   PA
--- ----                  -  -  -   --   --  ------  ------        -  -  -   --   --    -  -  -   --   --
  1 Green Bay            15  2  0  580  396  55.267  49.690 ( 22)  8  1  0  341  208    7  1  0  239  188
  2 New England          15  4  0  598  393  54.250  49.977 ( 17)  9  1  0  314  184    6  2  0  267  188
  3 San Francisco        14  4  0  433  281  53.945  49.652 ( 23)  8  2  0  274  139    6  2  0  159  142
  4 New Orleans          14  4  0  624  403  53.919  49.376 ( 30)  9  0  0  374  171    5  4  0  250  232
  5 Baltimore            13  5  0  418  302  52.999  49.605 ( 25)  9  0  0  239  132    4  5  0  179  170
  6 New York Giants      13  7  0  496  466  52.785  51.018 (  2)  5  4  0  210  187    7  3  0  265  262
  7 Pittsburgh           12  5  0  348  256  52.488  49.431 ( 29)  7  1  0  200   80    5  4  0  148  176
  8 Detroit              10  7  0  502  432  51.795  50.569 (  5)  5  3  0  243  164    5  4  0  259  268
  9 Houston              11  7  0  425  308  51.270  49.098 ( 31)  6  3  0  208  139    5  4  0  217  169
 10 Philadelphia          8  8  0  396  328  50.885  50.110 ( 15)  3  5  0  213  178    5  3  0  183  150
 11 Atlanta              10  7  0  404  374  50.751  49.721 ( 21)  6  2  0  236  168    4  5  0  168  206
 12 New York Jets         8  8  0  387  363  50.587  50.277 ( 10)  6  2  0  215  154    2  6  0  172  209
 13 San Diego             8  8  0  406  377  50.429  50.195 ( 12)  5  3  0  209  159    3  5  0  197  218
 14 Chicago               8  8  0  353  341  50.258  50.318 (  8)  5  3  0  205  159    2  5  0  124  164
 15 Dallas                8  8  0  369  347  50.099  50.012 ( 16)  5  3  0  210  153    3  5  0  159  194
 16 Denver                9  9  0  348  458  49.967  50.596 (  3)  4  5  0  163  213    5  4  0  185  245
 17 Cincinnati            9  8  0  354  354  49.918  49.563 ( 27)  4  4  0  156  154    5  4  0  198  200
 18 Tennessee             9  7  0  325  317  49.834  48.980 ( 32)  5  3  0  157  158    4  4  0  168  159
 19 Oakland               8  8  0  359  433  49.634  50.153 ( 13)  3  5  0  179  224    5  3  0  180  209
 20 Seattle               7  9  0  321  315  49.417  49.952 ( 19)  4  4  0  170  160    3  5  0  151  155
 21 Arizona               8  8  0  312  348  49.256  49.577 ( 26)  6  2  0  177  166    2  6  0  135  182
 22 Miami                 6 10  0  329  313  49.184  50.311 (  9)  4  4  0  170  153    2  6  0  159  160
 23 Buffalo               6 10  0  372  434  48.824  50.494 (  6)  5  3  0  217  184    1  7  0  155  250
 24 Kansas City           7  9  0  212  338  48.742  50.200 ( 11)  3  5  0  106  169    4  4  0  106  169
 25 Carolina              6 10  0  406  429  48.235  49.626 ( 24)  3  5  0  194  191    3  5  0  212  238
 26 Washington            5 11  0  288  367  47.562  50.131 ( 14)  2  6  0  170  202    3  5  0  118  165
 27 Jacksonville          5 11  0  243  329  46.817  49.496 ( 28)  4  4  0  145  159    1  7  0   98  170
 28 Minnesota             3 13  0  340  449  46.455  50.575 (  4)  1  7  0  190  214    2  6  0  150  235
 29 Cleveland             4 12  0  218  307  46.285  49.912 ( 20)  3  5  0   98  137    1  7  0  120  170
 30 Tampa Bay             4 12  0  287  494  46.071  50.349 (  7)  3  4  0  129  183    1  7  0  140  287
 31 St. Louis             2 14  0  193  407  44.400  51.090 (  1)  1  7  0  128  207    1  7  0   65  200
 32 Indianapolis          2 14  0  243  430  44.027  49.969 ( 18)  2  6  0  138  182    0  8  0  105  248
