                                     Overall                             Home                 Away
Rnk Team                  W  L  T   PF   PA    RATE     SOS        W  L  T   PF   PA    W  L  T   PF   PA
--- ----                  -  -  -   --   --  ------  ------        -  -  -   --   --    -  -  -   --   --
  1 Cleveland            11  2  0  348  176  55.751  50.139 (  6)  6  0  0  187   79    5  2  0  161   97
  2 NY Giants             9  2  1  254  161  53.522  49.061 ( 12)  5  1  0  133   96    4  1  1  121   65
  3 LA Rams               9  4  0  416  278  53.070  49.696 (  7)  6  2  0  281  165    3  2  0  135  113
  4 San Francisco         7  4  1  255  205  51.474  49.654 (  9)  5  1  0  160  104    2  3  1   95  101
  5 Detroit               7  4  1  336  259  51.102  49.091 ( 11)  3  3  1  202  161    4  1  0  134   98
  6 Chicago               7  5  0  286  282  50.105  49.137 ( 10)  3  3  0  120  148    4  2  0  166  134
  7 Washington            5  7  0  183  296  48.455  50.472 (  4)  2  4  0   83  141    3  3  0  100  155
  8 Philadelphia          4  8  0  234  264  48.353  50.641 (  3)  1  5  0   83  133    3  3  0  151  131
  9 Pittsburgh            4  7  1  183  235  48.088  50.229 (  5)  1  4  1   85  132    3  3  0   98  103
 10 Chicago Cardinals     3  9  0  210  287  47.854  51.388 (  1)  1  5  0   90  123    2  4  0  120  164
 11 NY Yanks              1  9  2  241  382  45.863  50.817 (  2)  0  3  1   75  111    1  6  1  166  271
 12 Green Bay             3  9  0  254  375  45.627  49.690 (  8)  2  4  0  137  171    1  5  0  117  204
