                                     Overall                             Home                 Away
Rnk Team                  W  L  T   PF   PA    RATE     SOS        W  L  T   PF   PA    W  L  T   PF   PA
--- ----                  -  -  -   --   --  ------  ------        -  -  -   --   --    -  -  -   --   --
  1 Minnesota            14  2  0  429  160  57.225  49.957 (  8)  9  0  0  289   96    5  2  0  140   64
  2 LA Rams              11  4  0  340  266  54.120  50.965 (  4)  5  2  0  172  131    6  2  0  168  135
  3 Dallas               11  3  1  383  261  53.245  48.983 ( 15)  6  1  1  216  119    5  2  0  167  142
  4 Detroit               9  4  1  259  188  53.244  50.059 (  7)  5  2  0  129   83    4  2  1  130  105
  5 Cleveland            11  4  1  396  341  52.328  49.159 ( 13)  5  1  1  201  137    6  3  0  195  204
  6 Baltimore             8  5  1  279  268  52.320  50.775 (  5)  4  2  1  150  117    4  3  0  129  151
  7 Green Bay             8  6  0  269  221  51.693  50.280 (  6)  5  2  0  141   80    3  4  0  128  141
  8 Atlanta               6  8  0  276  268  50.358  51.055 (  3)  4  3  0  164  146    2  5  0  112  122
  9 Washington            7  5  2  307  319  49.924  49.219 ( 12)  4  2  1  166  158    3  3  1  141  161
 10 San Francisco         4  8  2  277  319  49.121  51.232 (  2)  3  3  1  135  142    1  5  1  142  177
 11 NY Giants             6  8  0  264  298  47.522  48.977 ( 16)  5  2  0  182  122    1  6  0   82  176
 12 New Orleans           5  9  0  311  393  47.207  49.607 ( 11)  3  4  0  160  183    2  5  0  151  210
 13 Philadelphia          4  9  1  279  377  46.853  49.657 ( 10)  2  5  0  130  186    2  4  1  149  191
 14 St Louis              4  9  1  314  389  46.257  49.158 ( 14)  3  4  0  212  183    1  5  1  102  206
 15 Chicago               1 13  0  210  339  44.265  51.341 (  1)  1  6  0   96  140    0  7  0  114  199
 16 Pittsburgh            1 13  0  218  404  42.429  49.705 (  9)  1  6  0   98  147    0  7  0  120  257
