                                     Overall                             Home                 Away
Rnk Team                  W  L  T   PF   PA    RATE     SOS        W  L  T   PF   PA    W  L  T   PF   PA
--- ----                  -  -  -   --   --  ------  ------        -  -  -   --   --    -  -  -   --   --
  1 San Francisco        18  1  0  557  253  57.345  49.174 ( 27)  9  1  0  259  143    8  0  0  260   94
  2 Miami                16  3  0  605  374  55.313  49.443 ( 25)  9  1  0  328  175    7  1  0  261  161
  3 Denver               13  4  0  370  265  53.768  50.012 ( 15)  7  2  0  199  148    6  2  0  171  117
  4 Seattle              13  5  0  441  320  53.688  50.428 (  6)  8  1  0  260  123    5  4  0  181  197
  5 LA Raiders           11  6  0  375  291  52.882  50.568 (  3)  6  2  0  176  120    5  4  0  199  171
  6 Washington           11  6  0  445  333  52.495  49.858 ( 18)  7  2  0  245  155    4  4  0  200  178
  7 Chicago              11  7  0  348  290  51.833  50.205 ( 12)  6  2  0  158   91    5  5  0  190  199
  8 St Louis              9  7  0  423  345  51.577  50.307 ( 10)  5  3  0  207  165    4  4  0  216  180
  9 LA Rams              10  7  0  359  332  51.216  50.056 ( 14)  5  4  0  197  178    5  3  0  162  154
 10 NY Giants            10  8  0  325  335  51.189  50.758 (  1)  6  2  0  167  139    4  6  0  158  196
 11 Dallas                9  7  0  308  308  51.091  50.368 (  7)  5  3  0  170  150    4  4  0  138  158
 12 Pittsburgh           10  8  0  439  372  50.859  49.761 ( 21)  6  2  0  241  160    4  6  0  198  212
 13 Green Bay             8  8  0  390  309  50.416  49.793 ( 20)  5  3  0  227  142    3  5  0  163  167
 14 Kansas City           8  8  0  314  324  50.384  50.436 (  5)  5  3  0  167  115    3  5  0  147  209
 15 New England           9  7  0  362  352  50.192  49.595 ( 22)  5  3  0  186  180    4  4  0  176  172
 16 San Diego             7  9  0  394  413  50.077  50.724 (  2)  4  4  0  183  199    3  5  0  211  214
 17 Cincinnati            8  8  0  339  339  49.187  49.271 ( 26)  5  3  0  176  144    3  5  0  163  195
 18 New Orleans           7  9  0  298  361  49.026  50.259 ( 11)  3  5  0  153  207    4  4  0  145  154
 19 Philadelphia          6  9  1  278  320  48.819  50.194 ( 13)  5  3  0  135  142    1  6  1  143  178
 20 NY Jets               7  9  0  332  364  47.793  48.862 ( 28)  3  5  0  162  158    4  4  0  170  206
 21 Tampa Bay             6 10  0  335  380  47.790  49.533 ( 23)  6  2  0  212  197    0  8  0  123  183
 22 Cleveland             5 11  0  250  297  47.235  49.515 ( 24)  2  6  0  135  162    3  5  0  115  135
 23 Detroit               4 11  1  283  408  46.798  50.340 (  8)  2  5  1  145  199    2  6  0  138  209
 24 Atlanta               4 12  0  281  382  45.772  49.944 ( 17)  2  6  0  146  165    2  6  0  135  217
 25 Indianapolis          4 12  0  239  414  45.363  49.839 ( 19)  2  6  0  146  248    2  6  0   93  166
 26 Minnesota             3 13  0  276  484  45.258  50.533 (  4)  2  6  0  127  225    1  7  0  149  259
 27 Buffalo               2 14  0  250  454  44.362  50.324 (  9)  2  6  0  129  165    0  8  0  121  289
 28 Houston               3 13  0  240  437  44.301  49.984 ( 16)  2  6  0  153  218    1  7  0   87  219
