                                     Overall                             Home                 Away
Rnk Team                  W  L  T   PF   PA    RATE     SOS        W  L  T   PF   PA    W  L  T   PF   PA
--- ----                  -  -  -   --   --  ------  ------        -  -  -   --   --    -  -  -   --   --
  1 Green Bay            12  3  0  428  223  55.662  50.507 (  5)  7  1  0  232   78    5  2  0  196  145
  2 NY Giants            10  4  1  368  257  52.541  49.402 (  9)  4  2  1  190  101    6  2  0  178  156
  3 Philadelphia         10  4  0  361  297  52.153  48.989 ( 14)  5  2  0  164  128    5  2  0  197  169
  4 Detroit               8  5  1  270  258  52.028  50.724 (  4)  2  5  0   91  161    6  0  1  179   97
  5 Chicago               8  6  0  326  302  51.820  50.883 (  2)  5  2  0  195  130    3  4  0  131  172
  6 Cleveland             8  5  1  319  270  51.325  49.367 ( 10)  4  3  0  172  158    4  2  1  147  112
  7 Baltimore             8  6  0  302  307  51.045  50.216 (  6)  5  2  0  177  132    3  4  0  125  175
  8 San Francisco         7  6  1  346  272  50.851  50.186 (  7)  5  1  1  215  130    2  5  0  131  142
  9 St Louis              7  7  0  279  267  49.511  49.311 ( 11)  3  4  0  129  147    4  3  0  150  120
 10 Pittsburgh            6  8  0  295  287  48.707  49.159 ( 12)  4  3  0  173  126    2  5  0  122  161
 11 LA Rams               4 10  0  263  333  48.485  51.200 (  1)  4  3  0  150  128    0  7  0  113  205
 12 Minnesota             3 11  0  285  407  46.372  50.818 (  3)  3  4  0  148  190    0  7  0  137  217
 13 Dallas                4  9  1  236  380  45.836  49.098 ( 13)  2  4  1  127  202    2  5  0  109  178
 14 Washington            1 12  1  174  392  43.079  50.146 (  8)  1  6  0  105  173    0  6  1   69  219
