                                     Overall                             Home                 Away
Rnk Team                  W  L  T   PF   PA    RATE     SOS        W  L  T   PF   PA    W  L  T   PF   PA
--- ----                  -  -  -   --   --  ------  ------        -  -  -   --   --    -  -  -   --   --
  1 Dallas               15  4  0  471  280  54.991  50.382 (  7)  8  2  0  263  142    6  2  0  178  125
  2 Buffalo              14  5  0  401  308  53.570  50.379 (  8)  8  2  0  249  151    6  2  0  139  127
  3 Kansas City          13  6  0  396  365  52.678  50.524 (  2)  8  1  0  208  145    5  5  0  188  220
  4 Houston              12  5  0  388  266  52.562  49.289 ( 27)  7  2  0  214  119    5  3  0  174  147
  5 NY Giants            12  6  0  308  259  52.296  49.969 ( 16)  7  2  0  159   92    5  4  0  149  167
  6 San Francisco        11  7  0  538  336  52.109  49.691 ( 19)  7  2  0  291  145    4  5  0  247  191
  7 Green Bay            10  8  0  385  333  51.405  50.442 (  6)  6  2  0  184  104    4  6  0  201  229
  8 LA Raiders           11  7  0  371  379  51.338  50.344 (  9)  6  3  0  236  204    5  4  0  135  175
  9 Denver                9  8  0  397  326  50.993  50.050 ( 14)  5  3  0  214  147    4  5  0  183  179
 10 Minnesota             9  8  0  287  307  50.754  50.487 (  4)  4  4  0  148  144    5  4  0  139  163
 11 Miami                 9  7  0  349  351  50.693  49.926 ( 17)  4  4  0  187  171    5  3  0  162  180
 12 San Diego             8  8  0  322  290  50.443  50.343 ( 10)  4  4  0  141  124    4  4  0  181  166
 13 Detroit              10  7  0  322  320  50.346  49.490 ( 25)  5  4  0  186  169    5  3  0  136  151
 14 Philadelphia          8  8  0  293  315  50.113  50.647 (  1)  3  5  0  134  150    5  3  0  159  165
 15 NY Jets               8  8  0  270  247  50.077  49.907 ( 18)  3  5  0  162  146    5  3  0  108  101
 16 Pittsburgh            9  8  0  332  308  49.992  49.528 ( 24)  6  2  0  173   97    3  6  0  159  211
 17 Phoenix               7  9  0  326  269  49.983  50.042 ( 15)  4  4  0  169  106    3  5  0  157  163
 18 New Orleans           8  8  0  317  343  49.512  49.596 ( 22)  4  4  0  149  142    4  4  0  168  201
 19 Chicago               7  9  0  234  230  49.362  50.137 ( 11)  3  5  0  146  128    4  4  0   88  102
 20 Seattle               6 10  0  280  314  48.708  50.100 ( 13)  4  4  0  144  129    2  6  0  136  185
 21 Cleveland             7  9  0  304  307  48.311  49.109 ( 28)  4  4  0  160  163    3  5  0  144  144
 22 Atlanta               6 10  0  316  385  47.694  49.446 ( 26)  4  4  0  183  213    2  6  0  133  172
 23 Tampa Bay             5 11  0  237  376  47.519  50.497 (  3)  3  5  0  135  194    2  6  0  102  182
 24 New England           5 11  0  238  286  47.257  49.613 ( 21)  3  5  0  132  112    2  6  0  106  174
 25 Washington            4 12  0  230  345  46.659  50.464 (  5)  3  5  0  135  149    1  7  0   95  196
 26 LA Rams               5 11  0  221  367  46.588  49.659 ( 20)  3  5  0  100  155    2  6  0  121  212
 27 Indianapolis          4 12  0  189  378  45.759  50.125 ( 12)  2  6  0   92  179    2  6  0   97  199
 28 Cincinnati            3 13  0  187  319  44.994  49.591 ( 23)  3  5  0  104  148    0  8  0   83  171
