                                     Overall                             Home                 Away
Rnk Team                  W  L  T   PF   PA    RATE     SOS        W  L  T   PF   PA    W  L  T   PF   PA
--- ----                  -  -  -   --   --  ------  ------        -  -  -   --   --    -  -  -   --   --
  1 Denver               17  2  0  596  341  56.363  49.772 ( 18) 10  0  0  338  173    6  2  0  224  149
  2 Minnesota            16  2  0  624  347  55.703  49.093 ( 28)  9  1  0  350  144    7  1  0  274  203
  3 Atlanta              16  3  0  511  368  55.281  50.333 ( 10)  9  0  0  273  160    7  2  0  219  174
  4 NY Jets              13  5  0  460  313  54.191  50.687 (  7)  8  1  0  281  140    5  4  0  179  173
  5 San Francisco        13  5  0  527  375  53.828  50.366 (  9)  9  0  0  291  190    4  5  0  236  185
  6 Miami                11  7  0  348  320  52.804  51.133 (  3)  8  1  0  188   99    3  6  0  160  221
  7 Jacksonville         12  6  0  441  382  52.021  49.632 ( 21)  8  1  0  222  133    4  5  0  219  249
  8 Green Bay            11  6  0  435  349  51.556  49.287 ( 25)  7  1  0  229  161    4  5  0  206  188
  9 Buffalo              10  7  0  417  357  51.479  50.202 ( 12)  6  2  0  207  154    4  5  0  210  203
 10 New England           9  8  0  347  354  51.426  51.211 (  1)  6  2  0  195  162    3  6  0  152  192
 11 Dallas               10  7  0  388  295  50.777  49.128 ( 26)  6  3  0  202  153    4  4  0  186  142
 12 Seattle               8  8  0  372  310  49.872  49.552 ( 22)  6  2  0  200  150    2  6  0  172  160
 13 Tampa Bay             8  8  0  314  295  49.572  49.480 ( 23)  6  2  0  177  139    2  6  0  137  156
 14 New Orleans           6 10  0  305  359  49.502  51.001 (  5)  4  4  0  151  156    2  6  0  154  203
 15 NY Giants             8  8  0  287  309  49.462  49.737 ( 19)  5  3  0  163  156    3  5  0  124  153
 16 Kansas City           7  9  0  327  363  49.284  50.232 ( 11)  5  3  0  159  132    2  6  0  168  231
 17 Tennessee             8  8  0  330  320  49.279  49.344 ( 24)  3  5  0  151  155    5  3  0  179  165
 18 Oakland               8  8  0  288  356  49.233  49.828 ( 16)  4  4  0  151  171    4  4  0  137  185
 19 Arizona              10  8  0  366  426  49.042  48.760 ( 30)  5  3  0  168  148    5  5  0  198  278
 20 Pittsburgh            7  9  0  263  303  48.054  49.062 ( 29)  5  3  0  167  152    2  6  0   96  151
 21 Carolina              4 12  0  336  413  47.885  51.028 (  4)  2  6  0  171  188    2  6  0  165  225
 22 Washington            6 10  0  319  421  47.631  49.800 ( 17)  4  4  0  171  212    2  6  0  148  209
 23 St Louis              4 12  0  285  378  47.468  51.192 (  2)  2  6  0  167  183    2  6  0  118  195
 24 Detroit               5 11  0  306  378  47.456  50.124 ( 13)  4  4  0  172  154    1  7  0  134  224
 25 Baltimore             6 10  0  269  335  47.100  49.123 ( 27)  4  4  0  169  190    2  6  0  100  145
 26 Chicago               4 12  0  276  368  46.864  50.475 (  8)  3  5  0  161  164    1  7  0  115  204
 27 San Diego             5 11  0  241  342  46.615  49.647 ( 20)  4  4  0  143  183    1  7  0   98  159
 28 Indianapolis          3 13  0  310  444  46.281  50.910 (  6)  3  5  0  167  183    0  8  0  143  261
 29 Cincinnati            3 13  0  268  452  44.681  50.034 ( 14)  1  7  0  121  211    2  6  0  147  241
 30 Philadelphia          3 13  0  161  344  44.579  49.858 ( 15)  3  5  0   92  171    0  8  0   69  173
