                                     Overall                             Home                 Away
Rnk Team                  W  L  T   PF   PA    RATE     SOS        W  L  T   PF   PA    W  L  T   PF   PA
--- ----                  -  -  -   --   --  ------  ------        -  -  -   --   --    -  -  -   --   --
  1 Pittsburgh           15  2  0  438  199  57.411  50.362 (  9)  8  1  0  237  113    6  1  0  180   69
  2 LA Rams              13  3  0  354  195  54.211  48.552 ( 24)  7  2  0  219  136    6  1  0  135   59
  3 Cincinnati           11  4  0  368  277  54.071  50.266 ( 10)  6  1  0  192  127    5  3  0  176  150
  4 Houston              10  4  0  293  226  54.021  50.712 (  7)  5  2  0  139  117    5  2  0  154  109
  5 Oakland              12  4  0  416  299  53.567  49.694 ( 19)  6  2  0  232  168    6  2  0  184  131
  6 Dallas               12  5  0  421  310  53.487  50.167 ( 11)  5  2  0  175  121    7  2  0  229  168
  7 Miami                10  4  0  357  222  53.134  49.482 ( 22)  5  2  0  154  128    5  2  0  203   94
  8 Minnesota            12  3  0  391  197  53.004  47.662 ( 26)  7  1  0  213   93    5  2  0  178  104
  9 Baltimore            10  5  0  405  297  52.729  50.000 ( 13)  5  2  0  196  137    5  3  0  209  160
 10 St Louis             11  4  0  379  311  52.504  49.378 ( 23)  6  1  0  169  137    5  3  0  210  174
 11 Buffalo               8  6  0  420  351  52.173  50.778 (  5)  3  4  0  217  184    5  2  0  203  167
 12 Washington            8  6  0  325  276  51.028  49.952 ( 15)  5  2  0  204  139    3  4  0  121  137
 13 Detroit               7  7  0  245  262  49.339  49.506 ( 21)  4  3  0  101  117    3  4  0  144  145
 14 Denver                6  8  0  250  307  48.369  49.815 ( 16)  5  2  0  147  140    1  6  0  103  167
 15 Philadelphia          4 10  0  225  302  47.870  50.738 (  6)  2  5  0  110  167    2  5  0  115  135
 16 Kansas City           5  9  0  282  341  47.635  50.049 ( 12)  2  5  0  130  157    3  4  0  152  184
 17 NY Giants             5  9  0  216  306  47.109  49.696 ( 18)  2  5  0  106  126    3  4  0  110  180
 18 Cleveland             3 11  0  218  372  46.989  52.116 (  1)  3  4  0  125  200    0  7  0   93  172
 19 New England           3 11  0  258  358  46.878  51.039 (  3)  2  5  0  132  153    1  6  0  126  205
 20 Atlanta               4 10  0  240  289  46.853  49.708 ( 17)  3  4  0  142  121    1  6  0   98  168
 21 Green Bay             4 10  0  226  285  46.659  49.982 ( 14)  3  4  0  143  139    1  6  0   83  146
 22 San Francisco         5  9  0  255  286  46.525  48.547 ( 25)  2  5  0  136  145    3  4  0  119  141
 23 NY Jets               3 11  0  258  433  46.471  51.342 (  2)  1  6  0  121  207    2  5  0  137  226
 24 Chicago               4 10  0  191  379  45.764  50.382 (  8)  3  4  0  116  176    1  6  0   75  203
 25 San Diego             2 12  0  189  345  44.921  50.880 (  4)  1  6  0   80  144    1  6  0  109  201
 26 New Orleans           2 12  0  165  360  42.952  49.526 ( 20)  2  5  0   80  139    0  7  0   85  221
