                                     Overall                             Home                 Away
Rnk Team                  W  L  T   PF   PA    RATE     SOS        W  L  T   PF   PA    W  L  T   PF   PA
--- ----                  -  -  -   --   --  ------  ------        -  -  -   --   --    -  -  -   --   --
  1 New Orleans          16  3  0  617  397  55.294  49.882 ( 17)  8  2  0  330  211    7  1  0  256  169
  2 Indianapolis         16  3  0  483  358  54.873  50.207 ( 12)  9  1  0  241  176    7  1  0  225  151
  3 San Diego            13  4  0  468  337  53.268  49.493 ( 26)  6  3  0  234  192    7  1  0  234  145
  4 Minnesota            13  5  0  532  344  53.072  49.072 ( 29)  9  0  0  296  127    4  5  0  236  217
  5 New England          10  7  0  441  318  52.761  51.012 (  5)  8  1  0  264  136    2  6  0  177  182
  6 New York Jets        11  8  0  406  294  52.750  51.056 (  3)  4  4  0  161  112    7  4  0  245  182
  7 Dallas               12  6  0  398  298  52.735  50.075 ( 14)  7  2  0  233  125    5  4  0  165  173
  8 Philadelphia         11  6  0  443  371  52.077  50.033 ( 15)  6  2  0  229  177    5  4  0  214  194
  9 Green Bay            11  6  0  506  348  51.853  48.592 ( 32)  6  2  0  219  139    5  4  0  287  209
 10 Baltimore            10  8  0  427  295  51.788  50.244 ( 11)  6  2  0  230   95    4  6  0  197  200
 11 Atlanta               9  7  0  360  325  51.681  50.618 (  7)  6  2  0  180  138    3  5  0  180  187
 12 Houston               9  7  0  388  323  51.124  49.821 ( 20)  4  4  0  196  171    5  3  0  192  152
 13 Carolina              8  8  0  313  308  51.030  51.055 (  4)  5  3  0  147  141    3  5  0  166  167
 14 Cincinnati           10  7  0  319  315  50.952  49.848 ( 19)  6  3  0  179  131    4  4  0  140  184
 15 Arizona              11  7  0  440  415  50.628  49.080 ( 28)  5  4  0  225  231    6  3  0  215  184
 16 Pittsburgh            9  7  0  368  324  50.535  49.508 ( 25)  6  2  0  201  170    3  5  0  167  154
 17 Miami                 7  9  0  360  390  50.429  51.363 (  1)  4  4  0  217  211    3  5  0  143  179
 18 New York Giants       8  8  0  402  427  50.327  50.439 (  8)  4  4  0  216  210    4  4  0  186  217
 19 Denver                8  8  0  326  324  50.298  50.108 ( 13)  4  4  0  146  163    4  4  0  180  161
 20 Tennessee             8  8  0  344  402  50.062  50.340 (  9)  5  3  0  212  185    3  5  0  132  217
 21 San Francisco         8  8  0  330  281  49.765  48.776 ( 31)  6  2  0  169  113    2  6  0  161  168
 22 Buffalo               6 10  0  258  326  49.062  50.863 (  6)  3  5  0  137  141    3  5  0  121  185
 23 Jacksonville          7  9  0  290  380  48.433  49.873 ( 18)  5  3  0  183  171    2  6  0  107  209
 24 Chicago               7  9  0  327  375  48.243  49.208 ( 27)  5  3  0  203  169    2  6  0  124  206
 25 Cleveland             5 11  0  245  375  46.703  49.799 ( 21)  3  5  0  125  166    2  6  0  120  209
 26 Oakland               5 11  0  197  379  46.663  50.327 ( 10)  2  6  0   92  182    3  5  0  105  197
 27 Kansas City           4 12  0  294  424  46.371  49.965 ( 16)  1  7  0  137  228    3  5  0  157  196
 28 Washington            4 12  0  266  336  46.367  49.736 ( 22)  3  5  0  117  173    1  7  0  149  163
 29 Tampa Bay             3 13  0  244  400  46.360  51.263 (  2)  1  7  0  107  233    2  6  0  137  167
 30 Seattle               5 11  0  280  390  45.836  48.976 ( 30)  4  4  0  163  130    1  7  0  117  260
 31 Detroit               2 14  0  262  494  42.979  49.735 ( 23)  2  6  0  159  225    0  8  0  103  269
 32 St. Louis             1 15  0  175  436  41.549  49.672 ( 24)  0  8  0  105  236    1  7  0   70  200
