                                     Overall                             Home                 Away
Rnk Team                  W  L  T   PF   PA    RATE     SOS        W  L  T   PF   PA    W  L  T   PF   PA
--- ----                  -  -  -   --   --  ------  ------        -  -  -   --   --    -  -  -   --   --
  1 Cleveland            12  2  0  348  175  56.655  50.500 (  6)  7  1  0  184  103    5  1  0  164   72
  2 NY Giants            10  3  0  271  158  54.997  51.061 (  4)  5  1  0  156   82    5  2  0  115   76
  3 LA Rams              10  4  0  518  359  52.421  48.893 ( 10)  6  1  0  303  158    4  3  0  215  201
  4 Philadelphia          6  6  0  254  141  52.362  51.260 (  2)  2  4  0  125   90    4  2  0  129   51
  5 Chicago               9  4  0  299  231  51.932  48.939 (  9)  6  0  0  130   57    3  4  0  169  174
  6 Pittsburgh            6  6  0  180  195  51.273  51.166 (  3)  2  4  0   86  103    4  2  0   94   92
  7 Chicago Cardinals     5  7  0  233  287  50.657  51.936 (  1)  3  3  0  123  109    2  4  0  110  178
  8 NY Yanks              7  5  0  366  367  49.712  48.664 ( 12)  5  1  0  232  146    2  4  0  134  221
  9 Detroit               6  6  0  321  285  49.117  48.453 ( 13)  4  2  0  156  114    2  4  0  165  171
 10 Washington            3  9  0  232  326  46.733  50.823 (  5)  1  5  0  111  191    2  4  0  121  135
 11 San Francisco         3  9  0  213  300  45.466  49.510 (  8)  3  3  0  126  143    0  6  0   87  157
 12 Green Bay             3  9  0  244  406  44.520  48.841 ( 11)  3  3  0  143  197    0  6  0  101  209
 13 Baltimore             1 11  0  213  462  42.065  50.054 (  7)  1  5  0  110  214    0  6  0  103  248
