                                     Overall                             Home                 Away
Rnk Team                  W  L  T   PF   PA    RATE     SOS        W  L  T   PF   PA    W  L  T   PF   PA
--- ----                  -  -  -   --   --  ------  ------        -  -  -   --   --    -  -  -   --   --
  1 NY Giants            16  3  0  401  246  56.191  50.831 (  4)  8  1  0  206  104    7  2  0  175  123
  2 Buffalo              15  4  0  542  320  55.427  50.318 (  9) 10  0  0  331  177    5  3  0  192  123
  3 San Francisco        15  3  0  394  264  54.505  49.600 ( 18)  7  3  0  198  126    8  0  0  196  138
  4 Miami                13  5  0  387  302  53.855  50.293 ( 11)  8  1  0  187  119    5  4  0  200  183
  5 LA Raiders           13  5  0  360  329  53.375  50.494 (  6)  7  2  0  183  124    6  3  0  177  205
  6 Washington           11  7  0  411  335  52.987  51.171 (  2)  7  1  0  195  106    4  6  0  216  229
  7 Philadelphia         10  7  0  402  319  52.025  50.470 (  7)  6  3  0  237  141    4  4  0  165  178
  8 Kansas City          11  6  0  385  274  51.789  49.363 ( 23)  6  2  0  194  126    5  4  0  191  148
  9 Chicago              12  6  0  367  317  51.551  49.392 ( 22)  8  1  0  207  120    4  5  0  160  197
 10 Seattle               9  7  0  306  286  50.710  49.817 ( 17)  5  3  0  158  127    4  4  0  148  159
 11 Houston               9  8  0  419  348  50.198  49.396 ( 21)  5  3  0  219  153    4  5  0  200  195
 12 Pittsburgh            9  7  0  292  240  49.828  48.886 ( 28)  6  2  0  195   89    3  5  0   97  151
 13 Cincinnati           10  8  0  411  386  49.753  49.094 ( 26)  5  4  0  216  181    5  4  0  195  205
 14 Minnesota             6 10  0  351  326  49.238  50.281 ( 12)  4  4  0  211  150    2  6  0  140  176
 15 Indianapolis          7  9  0  281  353  48.985  50.541 (  5)  3  5  0  127  186    4  4  0  154  167
 16 New Orleans           8  9  0  280  291  48.862  49.339 ( 25)  5  3  0  146  107    3  6  0  134  184
 17 Dallas                7  9  0  244  308  48.714  50.367 (  8)  5  3  0  149  137    2  6  0   95  171
 18 San Diego             6 10  0  315  281  48.389  49.562 ( 19)  3  5  0  161  133    3  5  0  154  148
 19 Detroit               6 10  0  373  413  48.326  50.007 ( 14)  3  5  0  217  220    3  5  0  156  193
 20 Phoenix               5 11  0  268  396  48.046  51.050 (  3)  3  5  0  168  174    2  6  0  100  222
 21 Denver                5 11  0  331  374  48.043  50.298 ( 10)  4  4  0  179  180    1  7  0  152  194
 22 Green Bay             6 10  0  277  344  47.868  49.848 ( 16)  3  5  0  147  160    3  5  0  130  184
 23 NY Jets               6 10  0  295  345  47.439  49.360 ( 24)  3  5  0  131  176    3  5  0  164  169
 24 LA Rams               5 11  0  345  412  47.337  49.956 ( 15)  2  6  0  171  203    3  5  0  174  209
 25 Atlanta               5 11  0  348  365  47.331  49.477 ( 20)  5  3  0  230  184    0  8  0  118  181
 26 Tampa Bay             6 10  0  261  373  46.757  49.079 ( 27)  4  4  0  142  164    2  6  0  119  209
 27 Cleveland             3 13  0  228  462  45.022  50.159 ( 13)  2  6  0  112  216    1  7  0  116  246
 28 New England           1 15  0  181  446  43.088  51.421 (  1)  0  8  0  104  212    1  7  0   77  234
