                                     Overall                             Home                 Away
Rnk Team                  W  L  T   PF   PA    RATE     SOS        W  L  T   PF   PA    W  L  T   PF   PA
--- ----                  -  -  -   --   --  ------  ------        -  -  -   --   --    -  -  -   --   --
  1 NY Giants            17  2  0  476  259  57.140  50.834 (  8) 10  0  0  286  111    6  2  0  151  128
  2 Washington           14  5  0  414  333  54.477  51.184 (  6)  8  1  0  230  144    6  4  0  184  189
  3 Denver               13  6  0  443  403  53.759  51.632 (  1)  8  1  0  242  184    5  4  0  181  180
  4 Chicago              14  3  0  365  214  53.602  48.468 ( 28)  7  2  0  193  129    7  1  0  172   85
  5 Seattle              10  6  0  366  293  52.984  51.331 (  3)  7  1  0  212  110    3  5  0  154  183
  6 San Francisco        10  6  1  377  296  52.079  49.962 ( 11)  6  2  0  213  120    4  4  1  164  176
  7 Cleveland            13  5  0  431  350  52.066  49.138 ( 23)  7  3  0  234  189    6  2  0  197  161
  8 New England          11  6  0  429  329  52.044  49.589 ( 17)  4  4  0  200  175    7  2  0  229  154
  9 Cincinnati           10  6  0  409  394  51.261  49.883 ( 13)  6  2  0  211  209    4  4  0  198  185
 10 Minnesota             9  7  0  398  273  51.159  49.222 ( 22)  5  3  0  224  109    4  4  0  174  164
 11 LA Rams              10  7  0  316  286  50.889  49.462 ( 19)  6  2  0  184  140    4  5  0  132  146
 12 NY Jets              11  7  0  416  421  50.867  49.679 ( 16)  6  3  0  214  204    5  4  0  202  217
 13 LA Raiders            8  8  0  323  346  50.818  50.972 (  7)  3  5  0  145  155    5  3  0  178  191
 14 Dallas                7  9  0  346  337  50.636  51.277 (  5)  3  5  0  191  172    4  4  0  155  165
 15 Kansas City          10  7  0  373  361  50.539  49.509 ( 18)  6  2  0  215  146    4  5  0  158  215
 16 Miami                 8  8  0  430  405  49.412  49.111 ( 24)  4  4  0  215  149    4  4  0  215  256
 17 New Orleans           7  9  0  288  287  49.367  49.852 ( 14)  4  4  0  154  124    3  5  0  134  163
 18 Philadelphia          5 10  1  256  312  49.337  51.439 (  2)  2  5  1  127  138    3  5  0  129  174
 19 Atlanta               7  8  1  280  280  49.011  49.383 ( 21)  2  5  1  125  136    5  3  0  155  144
 20 Pittsburgh            6 10  0  307  336  48.781  50.193 ( 10)  4  4  0  158  145    2  6  0  149  191
 21 San Diego             4 12  0  335  396  48.261  51.292 (  4)  2  6  0  217  208    2  6  0  118  188
 22 Houston               5 11  0  274  329  46.891  49.388 ( 20)  4  4  0  162  155    1  7  0  112  174
 23 Detroit               5 11  0  277  326  46.453  48.986 ( 25)  1  7  0  137  196    4  4  0  140  130
 24 St Louis              4 11  1  218  351  46.370  50.331 (  9)  3  5  0  104  137    1  6  1  114  214
 25 Buffalo               4 12  0  287  348  45.774  48.896 ( 27)  3  5  0  142  161    1  7  0  145  187
 26 Green Bay             4 12  0  254  418  45.464  49.934 ( 12)  1  7  0  118  197    3  5  0  136  221
 27 Indianapolis          3 13  0  229  400  44.509  49.724 ( 15)  1  7  0   98  169    2  6  0  131  231
 28 Tampa Bay             2 14  0  239  473  42.225  48.985 ( 26)  1  7  0  117  217    1  7  0  122  256
