                                     Overall                             Home                 Away
Rnk Team                  W  L  T   PF   PA    RATE     SOS        W  L  T   PF   PA    W  L  T   PF   PA
--- ----                  -  -  -   --   --  ------  ------        -  -  -   --   --    -  -  -   --   --
  1 Washington           12  1  0  300  176  57.546  51.115 (  6)  6  1  0  149   78    5  0  0  124   81
  2 Miami                10  3  0  291  184  55.354  50.965 (  9)  7  0  0  169   89    3  2  0  105   68
  3 Dallas                8  4  0  310  219  54.209  51.015 (  8)  5  2  0  181  133    3  2  0  129   86
  4 NY Jets               8  4  0  306  211  54.090  51.282 (  4)  3  1  0  112   75    5  3  0  194  136
  5 LA Raiders            9  2  0  301  227  52.899  48.457 ( 24)  5  1  0  161  115    4  1  0  140  112
  6 Cincinnati            7  3  0  249  221  51.599  48.604 ( 23)  4  1  0  122   87    3  2  0  127  134
  7 Green Bay             6  4  1  293  222  51.563  49.726 ( 16)  4  1  0  145   97    2  3  1  148  125
  8 Tampa Bay             5  5  0  175  208  51.508  52.173 (  2)  4  1  0  109  105    1  4  0   66  103
  9 Minnesota             6  5  0  224  243  51.404  51.278 (  5)  5  1  0  140  120    1  4  0   84  123
 10 San Diego             7  4  0  332  283  50.928  48.870 ( 21)  3  1  0  158  121    4  3  0  174  162
 11 Pittsburgh            6  4  0  232  177  50.628  49.082 ( 19)  4  1  0  163  100    2  3  0   69   77
 12 NY Giants             4  5  0  164  160  50.404  50.838 ( 10)  2  3  0   90   91    2  2  0   74   69
 13 Buffalo               4  5  0  150  154  50.394  50.771 ( 11)  4  1  0   77   40    0  4  0   73  114
 14 St Louis              5  5  0  151  211  50.054  51.096 (  7)  1  3  0   58   88    4  2  0   93  123
 15 Philadelphia          3  6  0  191  195  49.497  51.556 (  3)  1  4  0  127  118    2  2  0   64   77
 16 Detroit               4  6  0  188  207  49.212  50.578 ( 12)  2  3  0   94  109    2  3  0   94   98
 17 New England           5  5  0  156  185  49.166  49.649 ( 17)  3  1  0   69   71    2  4  0   87  114
 18 New Orleans           4  5  0  129  160  48.687  50.064 ( 14)  2  3  0   89   84    2  2  0   40   76
 19 Atlanta               5  5  0  207  229  48.673  48.822 ( 22)  2  3  0  110  116    3  2  0   97  113
 20 Cleveland             4  6  0  150  209  48.284  50.043 ( 15)  2  2  0   54   70    2  4  0   96  139
 21 Kansas City           3  6  0  176  184  47.084  49.128 ( 18)  2  2  0   85   72    1  4  0   91  112
 22 Seattle               4  5  0  127  147  46.918  47.876 ( 28)  3  2  0   56   62    1  3  0   71   85
 23 Chicago               3  6  0  141  174  46.625  48.957 ( 20)  2  2  0   53   50    1  4  0   88  124
 24 San Francisco         3  6  0  209  206  46.208  47.899 ( 27)  0  5  0  101  125    3  1  0  108   81
 25 Baltimore             0  8  1  113  236  44.883  52.206 (  1)  0  3  1   57   98    0  5  0   56  138
 26 LA Rams               2  7  0  200  250  44.453  48.037 ( 26)  1  4  0  108  124    1  3  0   92  126
 27 Houston               1  8  0  136  245  43.956  50.256 ( 13)  1  4  0   81  137    0  4  0   55  108
 28 Denver                2  7  0  148  226  43.864  48.334 ( 25)  1  4  0   80  132    1  3  0   68   94
