                                     Overall                             Home                 Away
Rnk Team                  W  L  T   PF   PA    RATE     SOS        W  L  T   PF   PA    W  L  T   PF   PA
--- ----                  -  -  -   --   --  ------  ------        -  -  -   --   --    -  -  -   --   --
  1 Chicago               9  3  0  311  152  54.392  50.562 (  2)  5  0  0  115   62    4  3  0  196   90
  2 Washington            9  3  0  245  215  53.302  49.432 (  8)  6  1  0  130  137    3  2  0  115   78
  3 Brooklyn              8  3  0  186  120  52.846  49.025 ( 10)  5  1  0  117   64    3  2  0   69   56
  4 Green Bay             6  4  1  238  155  51.270  49.381 (  9)  4  2  0  137  107    2  2  1  101   48
  5 NY Giants             6  4  1  131  133  50.917  49.694 (  7)  4  3  0   84   81    2  1  1   47   52
  6 Detroit               5  5  1  138  153  49.787  49.868 (  6)  3  3  0   94  108    2  2  0   44   45
  7 Cleveland             4  6  1  171  191  49.358  50.377 (  4)  3  1  1   98   61    1  5  0   73  130
  8 Chicago Cardinals     2  7  2  139  222  47.772  51.043 (  1)  2  1  0   45   42    0  6  1   94  180
  9 Pittsburgh            2  7  2   60  178  45.713  50.077 (  5)  1  2  2   37   70    1  5  0   23  108
 10 Philadelphia          1 10  0  111  211  43.944  50.543 (  3)  1  4  0   45   96    0  6  0   66  115
