                                     Overall                             Home                 Away
Rnk Team                  W  L  T   PF   PA    RATE     SOS        W  L  T   PF   PA    W  L  T   PF   PA
--- ----                  -  -  -   --   --  ------  ------        -  -  -   --   --    -  -  -   --   --
  1 Pittsburgh           15  4  0  432  284  55.326  51.110 (  4)  8  2  0  242  153    6  2  0  163  108
  2 Baltimore            13  6  0  439  286  54.376  51.181 (  3)  6  2  0  180   80    7  4  0  259  206
  3 Tennessee            13  4  0  385  247  54.260  49.977 ( 17)  7  2  0  210  146    6  2  0  175  101
  4 New York Giants      12  5  0  438  317  53.643  50.536 (  8)  7  2  0  239  148    5  3  0  199  169
  5 Indianapolis         12  5  0  394  321  53.190  50.365 ( 11)  6  2  0  205  121    6  3  0  189  200
  6 Philadelphia         11  7  1  490  346  52.873  50.656 (  5)  6  2  0  250  118    5  5  1  240  228
  7 Carolina             12  5  0  427  362  52.363  49.631 ( 22)  8  1  0  247  144    4  4  0  180  218
  8 New England          11  5  0  410  309  51.907  49.126 ( 28)  5  3  0  202  155    6  2  0  208  154
  9 Arizona              12  8  0  545  515  51.529  50.017 ( 16)  8  2  0  304  227    4  5  0  218  261
 10 Minnesota            10  7  0  394  359  51.459  50.091 ( 14)  6  3  0  189  169    4  4  0  205  190
 11 Dallas                9  7  0  362  365  51.268  50.413 ( 10)  6  2  0  222  166    3  5  0  140  199
 12 Atlanta              11  6  0  415  355  51.245  49.269 ( 27)  7  1  0  237  164    4  5  0  178  191
 13 Miami                11  6  0  354  344  51.029  49.314 ( 25)  5  4  0  158  191    6  2  0  196  153
 14 Chicago               9  7  0  375  350  50.635  49.496 ( 23)  6  2  0  207  183    3  5  0  168  167
 15 San Diego             9  9  0  486  399  50.613  50.062 ( 15)  6  3  0  267  174    3  6  0  219  225
 16 Tampa Bay             9  7  0  361  323  50.446  49.277 ( 26)  6  2  0  191  148    3  5  0  170  175
 17 Houston               8  8  0  366  394  50.330  50.416 (  9)  6  2  0  206  180    2  6  0  160  214
 18 New Orleans           8  8  0  463  393  49.941  49.359 ( 24)  6  2  0  264  189    2  6  0  199  204
 19 Washington            8  8  0  265  296  49.785  50.149 ( 12)  4  4  0  117  134    4  4  0  148  162
 20 New York Jets         9  7  0  405  356  49.744  48.980 ( 31)  5  3  0  232  180    4  4  0  173  176
 21 Green Bay             6 10  0  419  380  48.991  49.751 ( 20)  4  4  0  218  170    2  6  0  201  210
 22 Denver                8  8  0  370  448  48.364  48.993 ( 29)  4  4  0  180  211    4  4  0  190  237
 23 San Francisco         7  9  0  339  381  48.089  48.990 ( 30)  4  4  0  190  194    3  5  0  149  187
 24 Jacksonville          5 11  0  302  367  47.884  50.620 (  6)  2  6  0  154  197    3  5  0  148  170
 25 Buffalo               7  9  0  336  342  47.869  48.806 ( 32)  3  5  0  131  141    4  4  0  205  201
 26 Cincinnati            4 11  1  204  364  47.602  51.363 (  2)  3  4  1  102  167    1  7  0  102  197
 27 Cleveland             4 12  0  232  350  47.435  51.505 (  1)  1  7  0  120  163    3  5  0  112  187
 28 Oakland               5 11  0  263  388  46.843  49.770 ( 19)  2  6  0  120  208    3  5  0  143  180
 29 Seattle               4 12  0  294  392  46.311  49.662 ( 21)  2  6  0  162  172    2  6  0  132  220
 30 Kansas City           2 14  0  291  440  44.559  49.878 ( 18)  1  7  0  181  250    1  7  0  110  190
 31 St. Louis             2 14  0  232  465  43.901  50.116 ( 13)  1  7  0  125  203    1  7  0  107  262
 32 Detroit               0 16  0  268  518  42.298  50.606 (  7)  0  8  0  116  292    0  8  0  152  226
