                                     Overall                             Home                 Away
Rnk Team                  W  L  T   PF   PA    RATE     SOS        W  L  T   PF   PA    W  L  T   PF   PA
--- ----                  -  -  -   --   --  ------  ------        -  -  -   --   --    -  -  -   --   --
  1 Green Bay            14  1  0  431  155  58.301  49.711 (  8)  7  0  0  198   50    7  1  0  233  105
  2 Detroit              11  3  0  315  177  55.668  50.573 (  6)  7  0  0  198   95    4  3  0  117   82
  3 NY Giants            12  3  0  405  299  53.386  49.484 ( 10)  6  2  0  198  170    6  1  0  207  129
  4 Chicago               9  5  0  321  287  52.754  50.833 (  4)  4  3  0  157  157    5  2  0  164  130
  5 Baltimore             7  7  0  293  288  50.979  50.804 (  5)  3  4  0  145  189    4  3  0  148   99
  6 Pittsburgh            9  5  0  312  363  49.947  48.837 ( 12)  4  3  0  162  180    5  2  0  150  183
  7 Cleveland             7  6  1  291  257  49.571  48.834 ( 13)  4  2  1  153  112    3  4  0  138  145
  8 San Francisco         6  8  0  282  331  49.527  50.943 (  3)  1  6  0  107  169    5  2  0  175  162
  9 Dallas                5  8  1  398  402  47.767  48.906 ( 11)  2  4  1  216  208    3  4  0  182  194
 10 Washington            5  7  2  305  376  47.628  48.799 ( 14)  3  4  0  133  181    2  3  2  172  195
 11 St Louis              4  9  1  287  361  46.658  49.773 (  7)  2  4  1  169  187    2  5  0  118  174
 12 Philadelphia          3 10  1  282  356  46.197  49.561 (  9)  2  5  0  135  179    1  5  1  147  177
 13 Minnesota             2 11  1  254  410  45.633  51.493 (  2)  1  5  1  101  192    1  6  0  153  218
 14 LA Rams               1 12  1  220  334  45.148  51.509 (  1)  0  7  0   93  162    1  5  1  127  172
