                                     Overall                             Home                 Away
Rnk Team                  W  L  T   PF   PA    RATE     SOS        W  L  T   PF   PA    W  L  T   PF   PA
--- ----                  -  -  -   --   --  ------  ------        -  -  -   --   --    -  -  -   --   --
  1 Baltimore            11  1  2  394  198  56.132  49.687 (  9)  6  0  1  210  106    5  1  1  184   92
  2 LA Rams              11  2  2  405  224  55.674  50.037 (  7)  5  1  1  205  112    6  1  1  200  112
  3 Green Bay            11  4  1  381  233  54.011  50.426 (  5)  6  2  1  194   92    5  2  0  187  141
  4 Dallas               10  6  0  411  303  51.517  49.466 ( 12)  6  2  0  258  155    4  4  0  153  148
  5 Chicago               7  6  1  239  218  51.116  50.387 (  6)  3  3  1  121   92    4  3  0  118  126
  6 Cleveland             9  6  0  348  349  50.608  49.329 ( 16)  6  1  0  159  108    3  5  0  189  241
  7 San Francisco         7  7  0  273  337  49.824  50.589 (  3)  3  4  0  122  152    4  3  0  151  185
  8 Detroit               5  7  2  260  259  49.818  50.572 (  4)  3  4  0  120  129    2  3  2  140  130
  9 NY Giants             7  7  0  369  379  49.199  49.374 ( 15)  5  2  0  202  174    2  5  0  167  205
 10 Washington            5  6  3  347  353  48.969  49.424 ( 14)  2  4  1  166  188    3  2  2  181  165
 11 St Louis              6  7  1  333  356  48.822  49.428 ( 13)  3  3  1  190  164    3  4  0  143  192
 12 Philadelphia          6  7  1  351  409  48.586  49.479 ( 11)  5  2  0  199  173    1  5  1  152  236
 13 Minnesota             3  8  3  233  294  48.193  50.804 (  2)  1  4  2  136  162    2  4  1   97  132
 14 Pittsburgh            4  9  1  281  320  47.492  49.618 ( 10)  1  6  0  151  182    3  3  1  130  138
 15 New Orleans           3 11  0  233  379  45.182  49.965 (  8)  2  5  0  108  188    1  6  0  125  191
 16 Atlanta               1 12  1  175  422  43.619  51.475 (  1)  1  5  1  100  215    0  7  0   75  207
