                                     Overall                             Home                 Away
Rnk Team                  W  L  T   PF   PA    RATE     SOS        W  L  T   PF   PA    W  L  T   PF   PA
--- ----                  -  -  -   --   --  ------  ------        -  -  -   --   --    -  -  -   --   --
  1 Green Bay            16  3  0  556  258  56.538  50.522 (  6) 10  0  0  317  128    5  3  0  204  109
  2 Denver               13  4  0  418  305  53.741  50.051 ( 12)  8  1  0  267  155    5  3  0  151  150
  3 San Francisco        13  5  0  426  292  53.258  49.642 ( 23)  7  2  0  245  133    6  3  0  181  159
  4 Carolina             13  5  0  406  265  52.891  49.241 ( 30)  9  0  0  238   97    4  5  0  168  168
  5 New England          13  6  0  487  357  52.634  49.902 ( 14)  8  2  0  268  166    5  3  0  198  156
  6 Dallas               11  7  0  343  291  51.993  50.380 (  9)  7  2  0  215  124    4  5  0  128  167
  7 Pittsburgh           11  7  0  389  299  51.672  49.838 ( 17)  8  1  0  248  100    3  6  0  141  199
  8 Kansas City           9  7  0  297  300  51.356  50.870 (  3)  5  3  0  151  132    4  4  0  146  168
  9 Buffalo              10  7  0  346  296  51.141  49.805 ( 19)  7  2  0  201  130    3  5  0  145  166
 10 Philadelphia         10  7  0  363  355  50.955  49.909 ( 13)  5  3  0  189  146    5  4  0  174  209
 11 Washington            9  7  0  364  312  50.785  49.635 ( 24)  5  3  0  204  139    4  4  0  160  173
 12 San Diego             8  8  0  310  376  50.410  50.969 (  1)  5  3  0  159  164    3  5  0  151  212
 13 Minnesota             9  8  0  313  355  50.222  50.351 ( 11)  5  3  0  159  130    4  5  0  154  225
 14 Jacksonville         11  8  0  391  409  50.068  49.483 ( 26)  7  1  0  195  158    4  7  0  196  251
 15 Indianapolis          9  8  0  331  376  49.894  49.814 ( 18)  6  2  0  168  142    3  6  0  163  234
 16 Oakland               7  9  0  340  293  49.815  49.861 ( 16)  4  4  0  186  144    3  5  0  154  149
 17 Miami                 8  8  0  339  325  49.749  49.683 ( 22)  4  4  0  162  156    4  4  0  177  169
 18 Seattle               7  9  0  317  376  49.717  50.896 (  2)  4  4  0  191  193    3  5  0  126  183
 19 Houston               8  8  0  345  319  49.537  49.269 ( 28)  2  6  0  136  154    6  2  0  209  165
 20 Cincinnati            8  8  0  372  369  49.535  49.575 ( 25)  6  2  0  222  173    2  6  0  150  196
 21 Chicago               7  9  0  283  305  49.527  50.409 (  8)  6  2  0  167  127    1  7  0  116  178
 22 Tampa Bay             6 10  0  221  293  48.428  50.534 (  4)  5  3  0  131  144    1  7  0   90  149
 23 NY Giants             6 10  0  242  297  48.218  49.779 ( 20)  3  5  0  116  137    3  5  0  126  160
 24 Detroit               5 11  0  302  368  48.014  50.532 (  5)  4  4  0  157  180    1  7  0  145  188
 25 Arizona               7  9  0  300  397  47.857  49.424 ( 27)  5  3  0  175  195    2  6  0  125  202
 26 Baltimore             4 12  0  371  441  47.396  50.369 ( 10)  4  4  0  209  194    0  8  0  162  247
 27 St Louis              6 10  0  303  409  47.320  49.740 ( 21)  4  4  0  156  148    2  6  0  147  261
 28 Atlanta               3 13  0  309  461  45.360  49.899 ( 15)  2  6  0  139  199    1  7  0  170  262
 29 New Orleans           3 13  0  229  339  44.722  49.264 ( 29)  2  6  0  134  199    1  7  0   95  140
 30 NY Jets               1 15  0  279  454  43.914  50.488 (  7)  0  8  0  133  211    1  7  0  146  243
