                                     Overall                             Home                 Away
Rnk Team                  W  L  T   PF   PA    RATE     SOS        W  L  T   PF   PA    W  L  T   PF   PA
--- ----                  -  -  -   --   --  ------  ------        -  -  -   --   --    -  -  -   --   --
  1 Cincinnati           14  5  0  506  372  53.452  50.060 ( 10) 10  0  0  291  149    4  4  0  199  203
  2 Buffalo              13  5  0  356  268  53.396  50.501 (  3)  9  0  0  206  124    4  5  0  150  144
  3 San Francisco        13  6  0  451  322  53.073  50.328 (  6)  5  4  0  194  178    7  2  0  237  128
  4 Chicago              13  5  0  335  255  52.898  49.697 ( 25)  8  2  0  172  119    5  3  0  163  136
  5 Minnesota            12  6  0  443  284  52.533  49.854 ( 19)  8  1  0  244  141    4  5  0  199  143
  6 LA Rams              10  7  0  424  321  51.753  49.895 ( 18)  4  4  0  175  147    6  3  0  249  174
  7 Houston              11  7  0  458  405  51.707  50.163 (  9)  7  1  0  254  144    4  6  0  204  261
  8 New England           9  7  0  250  284  51.371  50.787 (  1)  7  1  0  164   88    2  6  0   86  196
  9 Indianapolis          9  7  0  354  315  51.287  50.487 (  4)  6  2  0  211  150    3  5  0  143  165
 10 New Orleans          10  6  0  312  283  51.196  49.564 ( 26)  5  3  0  160  100    5  3  0  152  183
 11 Cleveland            10  7  0  327  312  51.050  49.971 ( 16)  6  3  0  180  150    4  4  0  147  162
 12 Philadelphia         10  7  0  391  339  50.907  49.709 ( 23)  5  3  0  208  179    5  4  0  183  160
 13 NY Jets               8  7  1  372  354  50.681  50.260 (  8)  5  2  1  212  162    3  5  0  160  192
 14 NY Giants            10  6  0  359  304  50.657  48.971 ( 28)  5  3  0  223  158    5  3  0  136  146
 15 Seattle               9  8  0  352  350  50.130  50.033 ( 12)  5  3  0  181  160    4  5  0  171  190
 16 Denver                8  8  0  327  352  49.679  49.486 ( 27)  6  2  0  208  120    2  6  0  119  232
 17 LA Raiders            7  9  0  325  369  49.124  49.936 ( 17)  3  5  0  157  189    4  4  0  168  180
 18 Washington            7  9  0  345  387  49.112  50.025 ( 13)  4  4  0  174  179    3  5  0  171  208
 19 Miami                 6 10  0  319  380  48.819  50.503 (  2)  4  4  0  184  195    2  6  0  135  185
 20 Phoenix               7  9  0  344  398  48.749  49.760 ( 21)  4  4  0  178  170    3  5  0  166  228
 21 Pittsburgh            5 11  0  336  421  47.583  50.268 (  7)  4  4  0  180  177    1  7  0  156  244
 22 San Diego             6 10  0  231  332  47.572  49.741 ( 22)  3  5  0   91  145    3  5  0  140  187
 23 Tampa Bay             5 11  0  261  350  47.385  49.975 ( 15)  3  5  0  145  203    2  6  0  116  147
 24 Atlanta               5 11  0  244  315  47.284  49.784 ( 20)  2  6  0  104  149    3  5  0  140  166
 25 Kansas City           4 11  1  254  320  46.769  49.703 ( 24)  4  4  0  165  163    0  7  1   89  157
 26 Green Bay             4 12  0  240  315  46.435  50.017 ( 14)  2  6  0  125  139    2  6  0  115  176
 27 Detroit               4 12  0  220  313  46.434  50.035 ( 11)  2  6  0  122  153    2  6  0   98  160
 28 Dallas                3 13  0  265  381  46.189  50.409 (  5)  1  7  0  114  212    2  6  0  151  169
