                                     Overall                             Home                 Away
Rnk Team                  W  L  T   PF   PA    RATE     SOS        W  L  T   PF   PA    W  L  T   PF   PA
--- ----                  -  -  -   --   --  ------  ------        -  -  -   --   --    -  -  -   --   --
  1 Denver               16  4  0  583  359  55.298  50.363 (  7)  9  0  0  301  100    6  4  0  251  235
  2 Green Bay            15  4  0  490  330  54.639  50.120 ( 13)  9  0  0  254  152    6  3  0  212  147
  3 Kansas City          13  4  0  385  246  54.059  50.117 ( 14)  8  1  0  219  104    5  3  0  166  142
  4 San Francisco        14  4  0  423  310  53.594  49.679 ( 24)  9  1  0  268  142    5  3  0  155  168
  5 Pittsburgh           12  6  0  400  337  52.512  50.435 (  5)  8  2  0  225  170    4  4  0  175  167
  6 Jacksonville         11  6  0  411  360  52.194  50.256 ( 10)  7  1  0  219  140    4  5  0  192  220
  7 New England          11  7  0  392  299  52.084  50.251 ( 11)  7  2  0  227  136    4  5  0  165  163
  8 Tampa Bay            11  7  0  326  294  51.866  50.516 (  3)  6  3  0  162  131    5  4  0  164  163
  9 Minnesota            10  8  0  399  419  50.804  50.386 (  6)  5  3  0  178  170    5  5  0  221  249
 10 Detroit               9  8  0  389  326  50.725  50.083 ( 15)  6  2  0  229  137    3  6  0  160  189
 11 NY Giants            10  6  1  329  288  50.533  49.037 ( 30)  6  3  0  196  157    4  3  1  133  131
 12 Miami                 9  8  0  342  344  50.392  50.033 ( 16)  6  2  0  181  147    3  6  0  161  197
 13 NY Jets               9  7  0  348  287  50.315  49.321 ( 27)  5  3  0  176  159    4  4  0  172  128
 14 Tennessee             8  8  0  333  310  50.032  49.684 ( 23)  6  2  0  173  134    2  6  0  160  176
 15 Seattle               8  8  0  365  362  49.777  49.796 ( 22)  4  4  0  173  197    4  4  0  192  165
 16 Washington            8  7  1  327  289  49.725  49.083 ( 29)  5  2  1  173  130    3  5  0  154  159
 17 Carolina              7  9  0  265  314  48.964  49.930 ( 19)  2  6  0  145  196    5  3  0  120  118
 18 Baltimore             6  9  1  326  345  48.943  49.907 ( 20)  3  4  1  172  173    3  5  0  154  172
 19 Cincinnati            7  9  0  355  405  48.665  49.959 ( 18)  6  2  0  205  187    1  7  0  150  218
 20 Philadelphia          6  9  1  317  372  48.611  49.971 ( 17)  6  2  0  160  158    0  7  1  157  214
 21 Buffalo               6 10  0  255  367  48.531  50.810 (  1)  4  4  0  145  172    2  6  0  110  195
 22 Dallas                6 10  0  304  314  48.483  49.844 ( 21)  5  3  0  149  135    1  7  0  155  179
 23 Atlanta               7  9  0  320  361  48.404  49.339 ( 26)  3  5  0  170  191    4  4  0  150  170
 24 St Louis              5 11  0  299  359  47.548  50.212 ( 12)  2  6  0  133  143    3  5  0  166  216
 25 New Orleans           6 10  0  237  327  46.921  49.255 ( 28)  3  5  0  132  157    3  5  0  105  170
 26 Chicago               4 12  0  263  421  46.870  50.629 (  2)  2  6  0  127  167    2  6  0  136  254
 27 Oakland               4 12  0  324  419  46.730  50.342 (  9)  2  6  0  156  184    2  6  0  168  235
 28 Indianapolis          3 13  0  313  401  46.375  50.490 (  4)  2  6  0  150  184    1  7  0  163  217
 29 San Diego             4 12  0  266  425  46.217  50.355 (  8)  2  6  0  145  218    2  6  0  121  207
 30 Arizona               4 12  0  283  379  46.146  49.553 ( 25)  3  5  0  179  221    1  7  0  104  158
