                                     Overall                             Home                 Away
Rnk Team                  W  L  T   PF   PA    RATE     SOS        W  L  T   PF   PA    W  L  T   PF   PA
--- ----                  -  -  -   --   --  ------  ------        -  -  -   --   --    -  -  -   --   --
  1 Tampa Bay            15  4  0  452  233  55.167  50.073 ( 13)  8  2  0  265  138    7  2  0  187   95
  2 Oakland              13  6  0  542  386  53.707  50.873 (  1)  8  2  0  300  182    5  4  0  242  204
  3 Philadelphia         13  5  0  445  274  53.490  49.656 ( 27)  8  2  0  241  149    5  3  0  204  125
  4 Green Bay            12  5  0  405  355  52.070  49.526 ( 32)  8  1  0  221  150    4  4  0  184  205
  5 Tennessee            12  6  0  425  396  51.948  49.744 ( 26)  7  2  0  225  188    5  4  0  200  208
  6 Pittsburgh           11  6  1  457  412  51.722  49.913 ( 17)  6  2  1  230  210    5  4  0  227  202
  7 Atlanta              10  7  1  435  341  51.611  50.155 ( 10)  5  3  0  183  116    5  4  1  252  225
  8 Denver                9  7  0  392  344  51.577  50.533 (  3)  5  3  0  197  160    4  4  0  195  184
  9 Miami                 9  7  0  378  301  51.481  50.128 ( 11)  7  1  0  221   96    2  6  0  157  205
 10 San Francisco        11  7  0  412  420  51.221  50.243 (  7)  6  4  0  247  239    5  3  0  165  181
 11 New York Jets        10  8  0  410  366  51.175  50.346 (  5)  6  3  0  219  157    4  5  0  191  209
 12 New England           9  7  0  381  346  51.130  50.424 (  4)  5  3  0  192  192    4  4  0  189  154
 13 Kansas City           8  8  0  467  399  50.869  50.574 (  2)  6  2  0  257  148    2  6  0  210  251
 14 New Orleans           9  7  0  432  388  50.782  49.956 ( 16)  4  4  0  212  199    5  3  0  220  189
 15 Indianapolis         10  7  0  349  354  50.623  49.530 ( 31)  5  3  0  164  148    5  4  0  185  206
 16 New York Giants      10  7  0  358  318  50.557  49.539 ( 30)  5  3  0  151  119    5  4  0  207  199
 17 Cleveland             9  8  0  377  356  50.341  49.873 ( 19)  3  5  0  187  170    6  3  0  190  186
 18 San Diego             8  8  0  333  367  49.939  50.162 (  9)  5  3  0  178  197    3  5  0  155  170
 19 Buffalo               8  8  0  379  397  49.745  49.769 ( 25)  5  3  0  211  211    3  5  0  168  186
 20 Seattle               7  9  0  355  369  49.093  49.992 ( 14)  3  5  0  183  189    4  4  0  172  180
 21 Baltimore             7  9  0  316  354  49.016  49.986 ( 15)  4  4  0  158  179    3  5  0  158  175
 22 St. Louis             7  9  0  316  369  49.008  50.125 ( 12)  5  2  0  175  140    2  7  0  141  229
 23 Carolina              7  9  0  258  302  48.892  49.789 ( 24)  4  4  0  163  162    3  5  0   95  140
 24 Washington            7  9  0  307  365  48.836  49.838 ( 21)  5  3  0  178  192    2  6  0  129  173
 25 Jacksonville          6 10  0  328  315  48.540  49.624 ( 28)  3  5  0  179  158    3  5  0  149  157
 26 Minnesota             6 10  0  390  442  48.212  49.852 ( 20)  4  4  0  204  192    2  6  0  186  250
 27 Arizona               5 11  0  262  417  47.004  49.902 ( 18)  3  5  0  122  168    2  6  0  140  249
 28 Chicago               4 12  0  281  379  46.613  50.230 (  8)  3  5  0  154  183    1  7  0  127  196
 29 Dallas                5 11  0  217  329  46.606  49.577 ( 29)  4  4  0  144  161    1  7  0   73  168
 30 Houston               4 12  0  213  356  45.814  49.818 ( 23)  2  6  0  108  176    2  6  0  105  180
 31 Detroit               3 13  0  306  451  45.317  49.837 ( 22)  3  5  0  171  197    0  8  0  135  254
 32 Cincinnati            2 14  0  279  456  44.608  50.326 (  6)  1  7  0  122  229    1  7  0  157  227
