                                     Overall                             Home                 Away
Rnk Team                  W  L  T   PF   PA    RATE     SOS        W  L  T   PF   PA    W  L  T   PF   PA
--- ----                  -  -  -   --   --  ------  ------        -  -  -   --   --    -  -  -   --   --
  1 New England          17  2  0  421  295  56.572  50.932 (  7) 10  0  0  210   96    6  2  0  179  170
  2 Indianapolis         14  5  0  540  401  54.420  51.093 (  4)  6  3  0  274  181    8  2  0  266  220
  3 Tennessee            13  5  0  469  358  54.075  50.789 (  9)  7  1  0  219  127    6  4  0  250  231
  4 Philadelphia         13  5  0  397  318  53.160  50.371 ( 14)  6  4  0  209  192    7  1  0  188  126
  5 Carolina             14  6  0  426  372  52.871  50.338 ( 15)  7  2  0  195  166    7  3  0  202  174
  6 Miami                10  6  0  311  261  52.688  50.782 ( 10)  4  4  0  150  154    6  2  0  161  107
  7 Kansas City          13  4  0  515  370  52.591  48.649 ( 31)  8  1  0  305  164    5  3  0  210  206
  8 Green Bay            11  7  0  492  354  51.470  49.314 ( 23)  6  3  0  257  167    5  4  0  235  187
  9 St. Louis            12  5  0  470  357  51.406  48.645 ( 32)  8  1  0  292  161    4  4  0  178  196
 10 Dallas               10  7  0  299  289  51.020  50.064 ( 16)  6  2  0  155  138    4  5  0  144  151
 11 Denver               10  7  0  391  342  50.881  49.596 ( 20)  6  2  0  209  144    4  5  0  182  198
 12 Baltimore            10  7  0  408  301  50.623  48.954 ( 27)  7  2  0  242  143    3  5  0  166  158
 13 New Orleans           8  8  0  340  326  50.424  50.375 ( 13)  5  3  0  180  149    3  5  0  160  177
 14 Tampa Bay             7  9  0  301  264  50.401  50.496 ( 12)  3  5  0  150  133    4  4  0  151  131
 15 Seattle              10  7  0  431  360  50.381  48.891 ( 28)  8  0  0  215  116    2  7  0  216  244
 16 Minnesota             9  7  0  416  353  49.898  48.661 ( 30)  6  2  0  234  140    3  5  0  182  213
 17 Buffalo               6 10  0  243  279  49.786  51.429 (  2)  4  4  0  134  101    2  6  0  109  178
 18 New York Jets         6 10  0  283  299  49.418  51.014 (  5)  4  4  0  133  120    2  6  0  150  179
 19 San Francisco         7  9  0  384  337  48.984  49.225 ( 24)  6  2  0  236  106    1  7  0  148  231
 20 Jacksonville          5 11  0  276  331  48.698  51.286 (  3)  5  3  0  163  165    0  8  0  113  166
 21 Houston               5 11  0  255  380  48.532  51.591 (  1)  3  5  0  144  174    2  6  0  111  206
 22 Cincinnati            8  8  0  346  384  48.215  48.743 ( 29)  5  3  0  194  203    3  5  0  152  181
 23 Chicago               7  9  0  283  346  48.184  49.097 ( 26)  6  2  0  180  142    1  7  0  103  204
 24 Atlanta               5 11  0  299  422  48.098  50.837 (  8)  2  6  0  172  237    3  5  0  127  185
 25 Washington            5 11  0  287  372  48.006  50.673 ( 11)  3  5  0  124  191    2  6  0  163  181
 26 Pittsburgh            6 10  0  300  327  47.718  49.129 ( 25)  4  4  0  196  181    2  6  0  104  146
 27 Cleveland             5 11  0  254  322  46.983  49.690 ( 18)  2  6  0  123  143    3  5  0  131  179
 28 New York Giants       4 12  0  243  387  46.790  50.996 (  6)  1  7  0  120  193    3  5  0  123  194
 29 Detroit               5 11  0  270  379  46.725  49.620 ( 19)  5  3  0  156  156    0  8  0  114  223
 30 Oakland               4 12  0  270  379  45.724  49.470 ( 21)  4  4  0  154  188    0  8  0  116  191
 31 San Diego             4 12  0  313  441  45.635  49.350 ( 22)  2  6  0  168  229    2  6  0  145  212
 32 Arizona               4 12  0  225  452  45.327  49.703 ( 17)  4  4  0  133  171    0  8  0   92  281
