                                     Overall                             Home                 Away
Rnk Team                  W  L  T   PF   PA    RATE     SOS        W  L  T   PF   PA    W  L  T   PF   PA
--- ----                  -  -  -   --   --  ------  ------        -  -  -   --   --    -  -  -   --   --
  1 New England          12  4  0  557  331  54.427  50.009 ( 18)  6  2  0  278  177    5  2  0  234  147
  2 Denver               13  3  0  481  289  54.188  48.728 ( 31)  7  1  0  260  131    6  2  0  221  158
  3 San Francisco        11  4  1  397  273  54.177  50.896 (  5)  6  1  1  198  111    5  3  0  199  162
  4 Seattle              12  5  0  436  259  54.105  50.836 (  6)  8  0  0  243   95    4  5  0  193  164
  5 Green Bay            12  5  0  457  346  53.842  50.757 (  7)  8  1  0  257  150    4  4  0  200  196
  6 Houston              13  4  0  436  344  53.665  49.876 ( 20)  7  2  0  254  178    6  2  0  182  166
  7 Atlanta              13  3  0  419  299  53.277  48.868 ( 30)  7  1  0  196  136    6  2  0  223  163
  8 Chicago              10  6  0  375  277  52.673  50.727 (  8)  5  3  0  164  123    5  3  0  211  154
  9 Minnesota            10  7  0  389  372  52.174  51.023 (  4)  7  1  0  210  165    3  6  0  179  207
 10 Baltimore            11  6  0  422  353  51.628  49.473 ( 24)  7  2  0  278  188    4  4  0  144  165
 11 New York Giants       9  7  0  429  344  51.321  50.157 ( 12)  6  2  0  278  176    3  5  0  151  168
 12 Washington           10  7  0  450  412  51.139  50.108 ( 13)  5  4  0  220  201    5  3  0  230  211
 13 Indianapolis         11  6  0  366  411  50.735  49.346 ( 26)  7  1  0  185  154    4  5  0  181  257
 14 St. Louis             7  8  1  299  348  50.692  51.301 (  2)  4  3  0  138  150    3  4  1  154  153
 15 Cincinnati           10  7  0  404  339  50.535  48.907 ( 29)  4  4  0  194  159    6  3  0  210  180
 16 Dallas                8  8  0  376  400  50.043  50.239 ( 11)  4  4  0  208  222    4  4  0  168  178
 17 New Orleans           7  9  0  461  454  49.529  50.035 ( 16)  4  4  0  246  206    3  5  0  215  248
 18 Carolina              7  9  0  357  363  49.399  49.973 ( 19)  3  5  0  150  187    4  4  0  207  176
 19 Pittsburgh            8  8  0  336  314  49.254  48.915 ( 28)  5  3  0  154  119    3  5  0  182  195
 20 Tampa Bay             7  9  0  389  394  49.222  49.751 ( 22)  3  5  0  195  178    4  4  0  194  216
 21 Miami                 7  9  0  288  317  49.207  50.015 ( 17)  5  3  0  163  144    2  6  0  125  173
 22 Arizona               5 11  0  250  357  48.672  51.497 (  1)  4  4  0  158  155    1  7  0   92  202
 23 Detroit               4 12  0  372  437  48.173  51.289 (  3)  2  6  0  194  217    2  6  0  178  220
 24 New York Jets         6 10  0  281  375  48.073  50.270 ( 10)  3  5  0  152  206    3  5  0  129  169
 25 San Diego             7  9  0  350  350  48.026  48.722 ( 32)  3  5  0  153  173    4  4  0  197  177
 26 Buffalo               6 10  0  344  435  47.980  49.817 ( 21)  4  4  0  207  210    2  6  0  137  225
 27 Tennessee             6 10  0  330  471  47.614  50.058 ( 15)  4  4  0  178  222    2  6  0  152  249
 28 Cleveland             5 11  0  302  368  46.946  49.393 ( 25)  4  4  0  157  155    1  7  0  145  213
 29 Philadelphia          4 12  0  280  444  46.169  50.103 ( 14)  2  6  0  161  225    2  6  0  119  219
 30 Oakland               4 12  0  290  443  44.941  48.962 ( 27)  3  5  0  168  202    1  7  0  122  241
 31 Jacksonville          2 14  0  255  445  44.145  50.378 (  9)  1  7  0   94  212    1  7  0  161  233
 32 Kansas City           2 14  0  211  425  42.911  49.551 ( 23)  1  7  0  121  198    1  7  0   90  227
