                                     Overall                             Home                 Away
Rnk Team                  W  L  T   PF   PA    RATE     SOS        W  L  T   PF   PA    W  L  T   PF   PA
--- ----                  -  -  -   --   --  ------  ------        -  -  -   --   --    -  -  -   --   --
  1 Cleveland            10  1  0  259  150  56.113  49.259 (  8)  5  0  0   93   28    5  1  0  166  122
  2 Philadelphia          7  3  0  272  133  53.868  49.199 (  9)  6  0  0  168   50    1  3  0  104   83
  3 Washington            8  3  0  223  136  52.904  48.849 ( 10)  6  0  0  151   63    2  3  0   72   73
  4 Detroit               7  3  0  195  194  52.040  49.302 (  7)  4  1  0  105   65    2  2  0   80  129
  5 Green Bay             6  4  0  258  173  51.829  49.993 (  5)  4  1  0  173   97    2  3  0   85   76
  6 NY Giants             3  6  1  179  198  48.910  50.993 (  2)  2  4  1  128  137    1  2  0   51   61
  7 Boston                3  6  1  123  211  48.063  50.873 (  3)  2  2  0   65   65    1  4  1   58  146
  8 Chicago               3  7  0  192  235  47.389  50.466 (  4)  2  3  0  112  123    1  4  0   80  112
  9 Pittsburgh            2  8  0   79  220  44.168  49.869 (  6)  1  4  0   38  103    1  4  0   41  117
 10 Chicago Cardinals     1  9  0   98  228  43.813  51.385 (  1)  0  2  0   41   63    1  6  0   57  155
