                                     Overall                             Home                 Away
Rnk Team                  W  L  T   PF   PA    RATE     SOS        W  L  T   PF   PA    W  L  T   PF   PA
--- ----                  -  -  -   --   --  ------  ------        -  -  -   --   --    -  -  -   --   --
  1 New England          17  2  0  522  311  58.038  51.154 (  7)  9  0  0  223  108    7  2  0  275  182
  2 Pittsburgh           16  2  0  419  309  56.991  51.283 (  6)  9  1  0  247  162    7  1  0  172  147
  3 Indianapolis         13  5  0  574  395  54.045  50.612 ( 11)  8  1  0  338  203    5  4  0  236  192
  4 Philadelphia         15  4  0  461  307  54.009  49.678 ( 19)  9  1  0  254  142    6  2  0  186  141
  5 New York Jets        11  7  0  370  298  53.180  51.391 (  5)  6  2  0  200  130    5  5  0  170  168
  6 San Diego            12  5  0  463  333  53.073  49.932 ( 17)  7  2  0  277  181    5  3  0  186  152
  7 Baltimore             9  7  0  317  268  52.634  51.629 (  2)  6  2  0  224  133    3  5  0   93  135
  8 Buffalo               9  7  0  395  284  52.215  50.817 (  9)  5  3  0  205  141    4  4  0  190  143
  9 Denver               10  7  0  405  353  51.453  50.030 ( 15)  6  2  0  213  164    4  5  0  192  189
 10 Cincinnati            8  8  0  374  372  51.394  51.463 (  3)  5  3  0  186  171    3  5  0  188  201
 11 Jacksonville          9  7  0  261  280  50.833  50.405 ( 12)  4  4  0  122  122    5  3  0  139  158
 12 Atlanta              12  6  0  397  381  50.354  48.598 ( 31)  8  1  0  235  150    4  5  0  162  231
 13 Kansas City           7  9  0  483  435  50.090  50.678 ( 10)  4  4  0  265  205    3  5  0  218  230
 14 Green Bay            10  7  0  441  411  49.962  48.906 ( 27)  4  5  0  222  223    6  2  0  219  188
 15 Houston               7  9  0  310  339  49.429  50.096 ( 14)  3  5  0  170  166    4  4  0  140  173
 16 Minnesota             9  9  0  449  439  49.330  49.292 ( 21)  5  3  0  198  172    4  6  0  251  267
 17 Seattle               9  8  0  391  400  48.837  48.666 ( 29)  5  4  0  228  222    4  4  0  163  178
 18 St. Louis             9  9  0  363  459  48.614  49.188 ( 24)  6  2  0  183  153    3  7  0  180  306
 19 Carolina              7  9  0  355  339  48.450  49.008 ( 25)  3  5  0  148  147    4  4  0  207  192
 20 Cleveland             4 12  0  276  390  48.286  52.070 (  1)  3  5  0  134  164    1  7  0  142  226
 21 New York Giants       6 10  0  303  347  48.194  49.881 ( 18)  3  5  0  155  178    3  5  0  148  169
 22 New Orleans           8  8  0  348  405  48.164  48.603 ( 30)  3  5  0  172  205    5  3  0  176  200
 23 Oakland               5 11  0  320  442  47.830  50.869 (  8)  3  5  0  162  197    2  6  0  158  245
 24 Washington            6 10  0  240  265  47.713  49.454 ( 20)  3  5  0  134  135    3  5  0  106  130
 25 Miami                 4 12  0  275  354  47.634  51.410 (  4)  3  5  0  144  162    1  7  0  131  192
 26 Detroit               6 10  0  296  351  47.602  49.193 ( 23)  3  5  0  142  196    3  5  0  154  155
 27 Dallas                6 10  0  293  405  47.600  49.933 ( 16)  4  4  0  148  176    2  6  0  145  229
 28 Tennessee             5 11  0  344  439  47.547  50.179 ( 13)  2  6  0  161  210    3  5  0  183  229
 29 Arizona               6 10  0  284  322  47.005  48.828 ( 28)  5  3  0  162  122    1  7  0  122  200
 30 Tampa Bay             5 11  0  301  304  46.637  48.586 ( 32)  4  4  0  171  125    1  7  0  130  179
 31 Chicago               5 11  0  231  331  45.889  48.921 ( 26)  2  6  0  111  175    3  5  0  120  156
 32 San Francisco         2 14  0  259  452  42.936  49.199 ( 22)  1  7  0  158  243    1  7  0  101  209
