                                     Overall                             Home                 Away
Rnk Team                  W  L  T   PF   PA    RATE     SOS        W  L  T   PF   PA    W  L  T   PF   PA
--- ----                  -  -  -   --   --  ------  ------        -  -  -   --   --    -  -  -   --   --
  1 St Louis             16  3  0  609  301  54.754  48.071 ( 31)  0  0  0    0    0    0  0  0    0    0
  2 Jacksonville         15  3  0  472  257  54.220  48.348 ( 29)  0  0  0    0    0    0  0  0    0    0
  3 Indianapolis         13  4  0  439  352  53.928  50.377 ( 12)  0  0  0    0    0    0  0  0    0    0
  4 Tennessee            16  4  0  482  393  53.743  49.502 ( 23)  0  0  0    0    0    0  0  0    0    0
  5 Buffalo              11  6  0  336  251  53.143  50.887 (  5)  0  0  0    0    0    0  0  0    0    0
  6 Tampa Bay            12  6  0  290  259  52.204  49.968 ( 18)  0  0  0    0    0    0  0  0    0    0
  7 Minnesota            11  7  0  463  394  51.717  50.035 ( 17)  0  0  0    0    0    0  0  0    0    0
  8 Kansas City           9  7  0  390  322  51.702  50.650 (  8)  0  0  0    0    0    0  0  0    0    0
  9 Miami                10  8  0  353  415  51.656  51.419 (  2)  0  0  0    0    0    0  0  0    0    0
 10 Oakland               8  8  0  390  329  51.518  51.144 (  4)  0  0  0    0    0    0  0  0    0    0
 11 NY Jets               8  8  0  308  309  51.455  51.463 (  1)  0  0  0    0    0    0  0  0    0    0
 12 Washington           11  7  0  483  404  51.379  49.617 ( 21)  0  0  0    0    0    0  0  0    0    0
 13 Seattle               9  8  0  355  318  50.957  50.418 ( 11)  0  0  0    0    0    0  0  0    0    0
 14 New England           8  8  0  299  284  50.820  50.581 (  9)  0  0  0    0    0    0  0  0    0    0
 15 Detroit               8  9  0  335  350  50.192  50.671 (  6)  0  0  0    0    0    0  0  0    0    0
 16 San Diego             8  8  0  269  316  50.064  50.210 ( 14)  0  0  0    0    0    0  0  0    0    0
 17 Denver                6 10  0  314  318  50.033  51.295 (  3)  0  0  0    0    0    0  0  0    0    0
 18 Green Bay             8  8  0  357  341  49.973  49.935 ( 19)  0  0  0    0    0    0  0  0    0    0
 19 Dallas                8  9  0  362  303  49.802  49.593 ( 22)  0  0  0    0    0    0  0  0    0    0
 20 Baltimore             8  8  0  324  277  49.714  49.345 ( 26)  0  0  0    0    0    0  0  0    0    0
 21 NY Giants             7  9  0  299  358  49.143  50.307 ( 13)  0  0  0    0    0    0  0  0    0    0
 22 Chicago               6 10  0  272  341  48.909  50.667 (  7)  0  0  0    0    0    0  0  0    0    0
 23 Carolina              8  8  0  421  381  48.258  48.157 ( 30)  0  0  0    0    0    0  0  0    0    0
 24 Philadelphia          5 11  0  272  357  47.864  50.554 ( 10)  0  0  0    0    0    0  0  0    0    0
 25 Pittsburgh            6 10  0  317  320  47.768  49.238 ( 28)  0  0  0    0    0    0  0  0    0    0
 26 Arizona               6 10  0  245  382  47.269  49.680 ( 20)  0  0  0    0    0    0  0  0    0    0
 27 Atlanta               5 11  0  285  380  46.237  49.439 ( 24)  0  0  0    0    0    0  0  0    0    0
 28 Cincinnati            4 12  0  283  460  45.169  50.042 ( 16)  0  0  0    0    0    0  0  0    0    0
 29 San Francisco         4 12  0  295  453  45.021  49.266 ( 27)  0  0  0    0    0    0  0  0    0    0
 30 New Orleans           3 13  0  260  434  44.263  49.355 ( 25)  0  0  0    0    0    0  0  0    0    0
 31 Cleveland             2 14  0  217  437  43.402  50.207 ( 15)  0  0  0    0    0    0  0  0    0    0
