                                     Overall                             Home                 Away
Rnk Team                  W  L  T   PF   PA    RATE     SOS        W  L  T   PF   PA    W  L  T   PF   PA
--- ----                  -  -  -   --   --  ------  ------        -  -  -   --   --    -  -  -   --   --
  1 Baltimore            16  4  0  428  188  55.412  49.847 ( 21)  0  0  0    0    0    0  0  0    0    0
  2 Tennessee            13  4  0  356  215  54.626  50.231 ( 17)  0  0  0    0    0    0  0  0    0    0
  3 NY Giants            14  5  0  396  290  53.422  49.841 ( 22)  0  0  0    0    0    0  0  0    0    0
  4 Miami                12  6  0  346  270  53.039  50.513 (  8)  0  0  0    0    0    0  0  0    0    0
  5 Oakland              13  5  0  509  315  52.742  48.973 ( 26)  0  0  0    0    0    0  0  0    0    0
  6 Philadelphia         12  6  0  382  268  52.268  49.499 ( 23)  0  0  0    0    0    0  0  0    0    0
  7 Indianapolis         10  7  0  447  349  52.246  50.633 (  5)  0  0  0    0    0    0  0  0    0    0
  8 Minnesota            12  6  0  431  429  52.074  50.172 ( 18)  0  0  0    0    0    0  0  0    0    0
  9 Pittsburgh            9  7  0  321  255  51.939  50.356 ( 13)  0  0  0    0    0    0  0  0    0    0
 10 Tampa Bay            10  7  0  391  290  51.905  50.349 ( 14)  0  0  0    0    0    0  0  0    0    0
 11 NY Jets               9  7  0  321  321  51.893  51.281 (  1)  0  0  0    0    0    0  0  0    0    0
 12 Detroit               9  7  0  307  307  51.424  50.762 (  4)  0  0  0    0    0    0  0  0    0    0
 13 Green Bay             9  7  0  353  323  51.382  50.399 ( 12)  0  0  0    0    0    0  0  0    0    0
 14 Washington            8  8  0  281  269  50.881  50.580 (  6)  0  0  0    0    0    0  0  0    0    0
 15 Denver               11  6  0  488  390  50.566  48.488 ( 31)  0  0  0    0    0    0  0  0    0    0
 16 Buffalo               8  8  0  315  350  50.291  50.500 (  9)  0  0  0    0    0    0  0  0    0    0
 17 New Orleans          11  7  0  401  367  50.131  48.675 ( 29)  0  0  0    0    0    0  0  0    0    0
 18 St Louis             10  7  0  568  502  50.108  48.946 ( 27)  0  0  0    0    0    0  0  0    0    0
 19 Jacksonville          7  9  0  367  327  49.718  50.097 ( 19)  0  0  0    0    0    0  0  0    0    0
 20 Kansas City           7  9  0  355  354  48.406  49.128 ( 25)  0  0  0    0    0    0  0  0    0    0
 21 Carolina              7  9  0  310  310  48.336  48.848 ( 28)  0  0  0    0    0    0  0  0    0    0
 22 New England           5 11  0  276  338  48.024  50.492 ( 10)  0  0  0    0    0    0  0  0    0    0
 23 Chicago               5 11  0  216  355  47.926  51.194 (  2)  0  0  0    0    0    0  0  0    0    0
 24 Dallas                5 11  0  294  361  47.834  50.444 ( 11)  0  0  0    0    0    0  0  0    0    0
 25 Seattle               6 10  0  320  405  47.559  49.420 ( 24)  0  0  0    0    0    0  0  0    0    0
 26 San Francisco         6 10  0  388  422  47.264  48.504 ( 30)  0  0  0    0    0    0  0  0    0    0
 27 Atlanta               4 12  0  252  413  45.980  49.998 ( 20)  0  0  0    0    0    0  0  0    0    0
 28 Cincinnati            4 12  0  185  359  45.857  50.566 (  7)  0  0  0    0    0    0  0  0    0    0
 29 Cleveland             3 13  0  161  419  44.776  51.032 (  3)  0  0  0    0    0    0  0  0    0    0
 30 Arizona               3 13  0  210  443  44.383  50.339 ( 15)  0  0  0    0    0    0  0  0    0    0
 31 San Diego             1 15  0  269  440  43.720  50.317 ( 16)  0  0  0    0    0    0  0  0    0    0
