                                     Overall                             Home                 Away
Rnk Team                  W  L  T   PF   PA    RATE     SOS        W  L  T   PF   PA    W  L  T   PF   PA
--- ----                  -  -  -   --   --  ------  ------        -  -  -   --   --    -  -  -   --   --
  1 Indianapolis         16  4  0  532  425  54.918  51.153 (  3) 10  0  0  298  190    5  4  0  205  218
  2 New England          14  5  0  480  312  54.593  51.041 (  5)  6  3  0  202  145    8  2  0  278  167
  3 San Diego            14  3  0  513  327  54.543  49.501 ( 23)  8  1  0  270  156    6  2  0  243  171
  4 Baltimore            13  4  0  359  216  53.803  49.721 ( 20)  7  2  0  194  111    6  2  0  165  105
  5 Chicago              15  4  0  510  322  53.578  49.272 ( 27)  7  2  0  261  138    8  1  0  232  155
  6 Jacksonville          8  8  0  371  274  51.773  50.957 (  6)  6  2  0  212   88    2  6  0  159  186
  7 New York Jets        10  7  0  332  332  51.528  50.463 (  8)  4  4  0  158  151    6  3  0  174  181
  8 Philadelphia         11  7  0  435  366  51.379  49.679 ( 21)  6  3  0  213  171    5  4  0  222  195
  9 Denver                9  7  0  319  305  51.240  50.071 ( 13)  4  4  0  160  153    5  3  0  159  152
 10 Tennessee             8  8  0  324  400  51.028  51.558 (  1)  4  4  0  175  212    4  4  0  149  188
 11 New Orleans          11  7  0  454  385  51.013  49.343 ( 25)  5  4  0  204  195    6  3  0  250  190
 12 Cincinnati            8  8  0  373  331  50.876  50.238 ( 10)  4  4  0  189  187    4  4  0  184  144
 13 Buffalo               7  9  0  300  311  50.872  51.404 (  2)  4  4  0  165  156    3  5  0  135  155
 14 Dallas                9  8  0  445  371  50.306  49.406 ( 24)  4  4  0  197  180    5  4  0  248  191
 15 Kansas City           9  8  0  339  338  50.166  50.001 ( 15)  6  2  0  197  151    3  6  0  142  187
 16 Pittsburgh            8  8  0  353  315  50.051  49.829 ( 18)  5  3  0  205  155    3  5  0  148  160
 17 New York Giants       8  9  0  366  375  49.989  50.191 ( 12)  3  5  0  131  159    5  4  0  235  216
 18 Seattle              10  8  0  380  388  49.596  49.033 ( 30)  6  3  0  202  181    4  5  0  178  207
 19 Miami                 6 10  0  260  283  49.548  51.061 (  4)  4  4  0  121  127    2  6  0  139  156
 20 Green Bay             8  8  0  301  366  49.277  49.740 ( 19)  3  5  0  114  186    5  3  0  187  180
 21 Carolina              8  8  0  270  305  48.967  49.152 ( 29)  4  4  0  116  159    4  4  0  154  146
 22 Houston               6 10  0  267  366  48.741  50.727 (  7)  4  4  0  151  157    2  6  0  116  209
 23 St. Louis             8  8  0  367  381  48.670  48.828 ( 32)  4  4  0  208  229    4  4  0  159  152
 24 Atlanta               7  9  0  292  328  48.082  49.001 ( 31)  3  5  0  158  174    4  4  0  134  154
 25 San Francisco         7  9  0  298  412  48.025  49.278 ( 26)  4  4  0  165  192    3  5  0  133  220
 26 Minnesota             6 10  0  282  327  47.760  49.560 ( 22)  3  5  0  147  196    3  5  0  135  131
 27 Washington            5 11  0  307  376  47.504  50.006 ( 14)  3  5  0  174  185    2  6  0  133  191
 28 Arizona               5 11  0  314  389  46.551  49.212 ( 28)  3  5  0  165  185    2  6  0  149  204
 29 Cleveland             4 12  0  238  356  46.306  50.231 ( 11)  2  6  0  113  168    2  6  0  125  188
 30 Tampa Bay             4 12  0  211  353  45.796  49.970 ( 16)  3  6  0  139  209    1  6  0   72  144
 31 Detroit               3 13  0  305  398  45.698  49.938 ( 17)  2  6  0  144  173    1  7  0  161  225
 32 Oakland               2 14  0  168  332  44.165  50.378 (  9)  2  6  0   99  153    0  8  0   69  179
