                                     Overall                             Home                 Away
Rnk Team                  W  L  T   PF   PA    RATE     SOS        W  L  T   PF   PA    W  L  T   PF   PA
--- ----                  -  -  -   --   --  ------  ------        -  -  -   --   --    -  -  -   --   --
  1 Chicago              10  2  0  375  151  56.501  49.469 (  8)  5  1  0  181   78    5  1  0  194   73
  2 Chicago Cardinals    11  2  0  395  233  55.920  49.781 (  6)  5  1  0  212  120    6  1  0  183  113
  3 Philadelphia         10  2  1  383  156  55.654  49.432 (  9)  7  0  0  213   49    3  2  1  170  107
  4 LA Rams               6  5  1  327  269  51.371  50.468 (  3)  3  2  1  155  107    3  3  0  172  162
  5 Washington            7  5  0  291  287  49.961  48.997 ( 10)  4  2  0  176  152    3  3  0  115  135
  6 NY Giants             4  8  0  297  388  47.561  50.335 (  4)  2  4  0  169  219    2  4  0  128  169
  7 Pittsburgh            4  8  0  200  243  46.666  49.498 (  7)  4  2  0  124  114    0  6  0   76  129
  8 Green Bay             3  9  0  154  290  45.805  50.503 (  2)  2  4  0   73  155    1  5  0   81  135
  9 Boston                3  9  0  174  372  44.932  50.215 (  5)  2  4  0   81  153    1  5  0   93  219
 10 Detroit               2 10  0  200  407  44.664  51.367 (  1)  2  4  0  110  155    0  6  0   90  252
