                                     Overall                             Home                 Away
Rnk Team                  W  L  T   PF   PA    RATE     SOS        W  L  T   PF   PA    W  L  T   PF   PA
--- ----                  -  -  -   --   --  ------  ------        -  -  -   --   --    -  -  -   --   --
  1 Philadelphia         12  1  0  378  134  58.188  49.376 ( 10)  6  0  0  208   51    6  1  0  170   83
  2 Chicago               9  3  0  332  218  54.243  49.754 (  7)  5  1  0  187  121    4  2  0  145   97
  3 LA Rams               8  3  2  360  253  53.353  50.077 (  5)  5  2  0  211  147    3  1  2  149  106
  4 Chicago Cardinals     6  5  1  360  301  50.500  49.772 (  6)  2  3  1  159  138    4  2  0  201  163
  5 Pittsburgh            6  5  1  224  214  50.474  49.744 (  8)  3  2  1   94   99    3  3  0  130  115
  6 NY Giants             6  6  0  287  298  49.221  49.715 (  9)  2  4  0  123  156    4  2  0  164  142
  7 Washington            4  7  1  268  339  48.242  50.311 (  3)  3  3  0  172  148    1  4  1   96  191
  8 Detroit               4  8  0  237  259  48.151  50.350 (  2)  2  4  0   99  147    2  4  0  138  112
  9 Green Bay             2 10  0  114  329  43.456  50.303 (  4)  1  5  0   57  178    1  5  0   57  151
 10 NY Bulldogs           1 10  1  153  368  43.210  50.643 (  1)  0  5  1   48  170    1  5  0  105  198
