                                     Overall                             Home                 Away
Rnk Team                  W  L  T   PF   PA    RATE     SOS        W  L  T   PF   PA    W  L  T   PF   PA
--- ----                  -  -  -   --   --  ------  ------        -  -  -   --   --    -  -  -   --   --
  1 Detroit               9  3  1  347  245  54.816  51.216 (  3)  5  0  1  193   70    4  3  0  154  175
  2 Cleveland            10  3  0  392  172  54.420  48.954 ( 10)  6  1  0  231   55    4  2  0  161  117
  3 Chicago               8  4  0  301  279  53.145  50.667 (  5)  4  2  0  142  139    4  2  0  159  140
  4 San Francisco         7  4  1  313  251  52.405  50.257 (  6)  4  2  0  184  118    3  2  1  129  133
  5 LA Rams               6  5  1  314  285  51.122  50.672 (  4)  3  2  1  174  155    3  3  0  140  130
  6 Philadelphia          7  4  1  284  230  50.606  48.793 ( 11)  5  1  0  166  130    2  3  1  118  100
  7 NY Giants             7  5  0  293  184  50.430  48.315 ( 12)  4  2  0  129   74    3  3  0  164  110
  8 Green Bay             4  8  0  234  251  49.451  51.271 (  2)  2  4  0  116  105    2  4  0  118  146
  9 Pittsburgh            5  7  0  219  263  47.548  49.102 (  9)  4  2  0  138  119    1  5  0   81  144
 10 Baltimore             3  9  0  131  279  47.060  51.388 (  1)  2  4  0   59  137    1  5  0   72  142
 11 Washington            3  9  0  207  432  44.348  49.436 (  8)  3  3  0  134  189    0  6  0   73  243
 12 Chicago Cardinals     2 10  0  183  347  43.879  49.914 (  7)  2  4  0   91  170    0  6  0   92  177
