                                     Overall                             Home                 Away
Rnk Team                  W  L  T   PF   PA    RATE     SOS        W  L  T   PF   PA    W  L  T   PF   PA
--- ----                  -  -  -   --   --  ------  ------        -  -  -   --   --    -  -  -   --   --
  1 Washington           17  2  0  587  265  57.862  50.775 (  6)  9  1  0  336  105    7  1  0  214  136
  2 Dallas               12  6  0  365  361  53.142  51.264 (  2)  6  2  0  188  154    6  4  0  177  207
  3 Buffalo              15  4  0  529  376  53.102  48.639 ( 26)  9  1  0  306  175    6  2  0  199  164
  4 New Orleans          11  6  0  361  238  53.080  50.104 ( 12)  6  3  0  194  111    5  3  0  167  127
  5 Detroit              13  5  0  387  342  53.024  49.819 ( 17)  9  0  0  238  102    4  5  0  149  240
  6 San Francisco        10  6  0  393  239  52.873  50.372 ( 11)  7  1  0  242  106    3  5  0  151  133
  7 Houston              12  6  0  427  287  52.717  49.986 ( 15)  8  1  0  249  117    4  5  0  178  170
  8 Philadelphia         10  6  0  285  244  52.457  50.761 (  7)  4  4  0  130  140    6  2  0  155  104
  9 Denver               13  5  0  337  269  52.388  49.414 ( 22)  8  1  0  213  135    5  4  0  124  134
 10 Kansas City          11  7  0  346  295  52.033  50.507 (  9)  7  2  0  193  114    4  5  0  153  181
 11 Atlanta              11  7  0  395  382  51.897  50.736 (  8)  6  2  0  220  163    5  5  0  175  219
 12 Chicago              11  6  0  312  286  51.838  49.763 ( 19)  6  3  0  156  112    5  3  0  156  174
 13 NY Giants             8  8  0  281  297  50.756  50.865 (  5)  5  3  0  135  117    3  5  0  146  180
 14 LA Raiders            9  8  0  304  307  50.583  50.004 ( 14)  5  3  0  156  121    4  5  0  148  186
 15 Minnesota             8  8  0  301  306  49.241  49.408 ( 23)  4  4  0  143  156    4  4  0  158  150
 16 Seattle               7  9  0  276  261  49.227  49.514 ( 21)  5  3  0  155  110    2  6  0  121  151
 17 Pittsburgh            7  9  0  292  344  48.905  49.831 ( 16)  5  3  0  147  151    2  6  0  145  193
 18 Miami                 8  8  0  343  349  48.576  48.210 ( 28)  5  3  0  193  147    3  5  0  150  202
 19 Cleveland             6 10  0  293  298  48.391  49.776 ( 18)  3  5  0  130  151    3  5  0  163  147
 20 NY Jets               8  9  0  324  310  48.388  48.477 ( 27)  4  4  0  170  135    4  5  0  154  175
 21 Phoenix               4 12  0  196  344  47.656  51.843 (  1)  2  6  0   94  167    2  6  0  102  177
 22 San Diego             4 12  0  274  342  47.216  50.410 ( 10)  3  5  0  147  148    1  7  0  127  194
 23 Green Bay             4 12  0  273  313  46.485  49.528 ( 20)  2  6  0  111  163    2  6  0  162  150
 24 New England           6 10  0  211  305  46.345  48.701 ( 25)  4  4  0  126  150    2  6  0   85  155
 25 LA Rams               3 13  0  234  390  45.986  51.236 (  3)  2  6  0  134  211    1  7  0  100  179
 26 Cincinnati            3 13  0  263  435  45.920  50.904 (  4)  3  5  0  161  200    0  8  0  102  235
 27 Tampa Bay             3 13  0  199  365  44.975  50.011 ( 13)  3  5  0  129  149    0  8  0   70  216
 28 Indianapolis          1 15  0  143  381  40.738  49.141 ( 24)  0  8  0   70  194    1  7  0   73  187
