                                     Overall                             Home                 Away
Rnk Team                  W  L  T   PF   PA    RATE     SOS        W  L  T   PF   PA    W  L  T   PF   PA
--- ----                  -  -  -   --   --  ------  ------        -  -  -   --   --    -  -  -   --   --
  1 Chicago              11  1  0  382   98  58.445  47.867 ( 10)  6  0  0  213   42    5  1  0  169   56
  2 Washington           11  1  0  241  108  56.930  48.751 (  8)  6  1  0  163   78    5  0  0   78   30
  3 Green Bay             8  2  1  300  215  53.591  48.413 (  9)  4  1  0  190  124    4  1  1  110   91
  4 Pittsburgh            7  4  0  167  119  52.043  49.222 (  7)  3  2  0   59   51    4  2  0  108   68
  5 NY Giants             5  5  1  155  139  51.366  51.198 (  3)  3  2  1  103   76    2  3  0   52   63
  6 Cleveland             5  6  0  150  207  48.498  49.358 (  6)  3  2  0   77   75    2  3  0   73  125
  7 Philadelphia          2  9  0  134  239  46.836  52.236 (  1)  0  4  0   10   49    2  5  0  124  190
  8 Brooklyn              3  8  0  100  168  46.690  50.850 (  4)  2  5  0   69  115    1  3  0   31   53
  9 Chicago Cardinals     3  8  0   98  209  46.147  50.684 (  5)  1  2  0   33   38    1  6  0   58  171
 10 Detroit               0 11  0   38  263  38.057  51.729 (  2)  0  7  0   24  169    0  4  0   14   94
