                                     Overall                             Home                 Away
Rnk Team                  W  L  T   PF   PA    RATE     SOS        W  L  T   PF   PA    W  L  T   PF   PA
--- ----                  -  -  -   --   --  ------  ------        -  -  -   --   --    -  -  -   --   --
  1 Dallas               16  3  0  525  290  56.051  50.251 (  9)  8  1  0  232  104    7  2  0  241  169
  2 San Francisco        15  3  0  471  279  55.580  50.109 ( 12)  8  2  0  267  175    7  1  0  204  104
  3 Philadelphia         12  6  0  400  299  53.952  51.343 (  2)  8  0  0  179   73    4  6  0  221  226
  4 New Orleans          12  5  0  350  238  53.508  50.009 ( 14)  6  3  0  176  139    6  2  0  174   99
  5 Buffalo              14  6  0  492  386  52.868  50.027 ( 13)  7  2  0  258  164    7  3  0  217  170
  6 Washington           10  8  0  337  282  51.947  50.975 (  3)  6  2  0  175  107    4  6  0  162  175
  7 Minnesota            11  6  0  381  273  51.836  49.580 ( 21)  5  4  0  172  150    6  2  0  209  123
  8 Miami                12  6  0  381  310  51.686  49.343 ( 23)  7  3  0  224  170    5  3  0  157  140
  9 Houston              10  7  0  390  299  51.638  49.856 ( 16)  5  3  0  179  109    5  4  0  211  190
 10 San Diego            12  6  0  352  272  51.426  49.013 ( 27)  7  2  0  183  101    5  4  0  169  171
 11 Pittsburgh           11  6  0  302  249  51.220  49.230 ( 24)  7  2  0  164  115    4  4  0  138  134
 12 Kansas City          10  7  0  348  299  51.088  49.658 ( 20)  7  1  0  200  128    3  6  0  148  171
 13 Denver                8  8  0  262  329  49.795  50.122 ( 11)  7  1  0  176  132    1  7  0   86  197
 14 Green Bay             9  7  0  276  296  49.484  49.116 ( 25)  6  2  0  183  140    3  5  0   93  156
 15 LA Raiders            7  9  0  249  281  49.413  50.184 ( 10)  5  3  0  148  115    2  6  0  101  166
 16 Indianapolis          9  7  0  216  302  49.157  49.027 ( 26)  4  4  0  110  151    5  3  0  106  151
 17 NY Giants             6 10  0  306  367  49.069  50.926 (  4)  4  4  0  202  199    2  6  0  104  168
 18 LA Rams               6 10  0  313  383  48.727  50.711 (  5)  4  4  0  163  169    2  6  0  150  214
 19 Atlanta               6 10  0  327  414  48.704  50.595 (  6)  5  3  0  155  164    1  7  0  172  250
 20 Cleveland             7  9  0  272  275  48.685  49.360 ( 22)  4  4  0  148  120    3  5  0  124  155
 21 Phoenix               4 12  0  243  332  47.943  51.447 (  1)  3  5  0  139  149    1  7  0  104  183
 22 Detroit               5 11  0  273  332  47.874  50.357 (  8)  3  5  0  138  162    2  6  0  135  170
 23 Chicago               5 11  0  295  361  47.065  49.848 ( 17)  4  4  0  184  188    1  7  0  111  173
 24 Tampa Bay             5 11  0  267  365  47.009  49.719 ( 19)  3  5  0  136  190    2  6  0  131  175
 25 Cincinnati            5 11  0  274  364  46.294  48.942 ( 28)  3  5  0  144  182    2  6  0  130  182
 26 NY Jets               4 12  0  220  315  46.120  49.986 ( 15)  3  5  0  120  157    1  7  0  100  158
 27 Seattle               2 14  0  140  312  43.885  50.461 (  7)  1  7  0   84  163    1  7  0   56  149
 28 New England           2 14  0  205  363  43.720  49.758 ( 18)  1  7  0   93  150    1  7  0  112  213
