                                     Overall                             Home                 Away
Rnk Team                  W  L  T   PF   PA    RATE     SOS        W  L  T   PF   PA    W  L  T   PF   PA
--- ----                  -  -  -   --   --  ------  ------        -  -  -   --   --    -  -  -   --   --
  1 Green Bay             9  2  0  252  148  55.380  49.502 (  6)  5  0  0  147   69    4  2  0  105   79
  2 NY Giants             8  2  1  213   89  54.966  48.835 (  7)  5  2  0  125   51    3  0  1   88   38
  3 Philadelphia          7  1  2  267  131  54.954  48.801 (  8)  3  1  2  157   93    4  0  0  110   38
  4 Chicago               6  3  1  258  172  53.211  49.609 (  5)  4  0  1  125   56    2  3  0  133  116
  5 Detroit               6  3  1  216  151  51.764  48.642 (  9)  4  2  0  136   83    2  1  1   80   68
  6 Washington            6  3  1  169  180  50.578  48.494 ( 10)  4  2  0   94  119    2  1  1   75   61
  7 Cleveland             4  6  0  188  224  49.736  50.902 (  4)  1  2  0   40   75    3  4  0  148  149
  8 Boston                2  8  0   82  233  44.598  51.075 (  3)  1  3  0   44   77    1  5  0   38  156
  9 Brooklyn              0 10  0   69  166  42.388  51.734 (  2)  0  4  0   28   62    0  6  0   41  104
 10 Chi-Pitt              0 10  0  108  328  41.390  52.573 (  1)  0  5  0   67  174    0  5  0   41  154
