                                     Overall                             Home                 Away
Rnk Team                  W  L  T   PF   PA    RATE     SOS        W  L  T   PF   PA    W  L  T   PF   PA
--- ----                  -  -  -   --   --  ------  ------        -  -  -   --   --    -  -  -   --   --
  1 Chicago              12  1  0  466  170  59.259  49.592 (  6)  7  1  0  286   87    5  0  0  180   83
  2 Green Bay            10  2  0  272  153  56.810  50.547 (  4)  5  1  0  125   61    5  1  0  147   92
  3 NY Giants             8  4  0  247  151  51.062  48.097 ( 10)  5  2  0  147   78    3  2  0  100   73
  4 Brooklyn              7  4  0  158  127  50.296  48.248 (  9)  5  1  0   99   60    2  3  0   59   67
  5 Washington            6  5  0  176  174  49.347  49.081 (  8)  4  2  0   90   69    2  3  0   86  105
  6 Detroit               4  6  1  121  195  49.200  51.444 (  3)  3  2  0   73   75    1  4  1   48  120
  7 Chicago Cardinals     3  7  1  127  197  48.314  51.605 (  2)  0  2  1   44   58    3  5  0   83  139
  8 Cleveland             2  9  0  116  244  45.521  51.877 (  1)  1  4  0   52  100    1  5  0   64  144
  9 Philadelphia          2  8  1  119  218  44.720  49.484 (  7)  1  4  1   72  139    1  4  0   47   79
 10 Pittsburgh            1  9  1  103  276  43.073  50.222 (  5)  1  4  0   58  132    0  5  1   45  144
