                                     Overall                             Home                 Away
Rnk Team                  W  L  T   PF   PA    RATE     SOS        W  L  T   PF   PA    W  L  T   PF   PA
--- ----                  -  -  -   --   --  ------  ------        -  -  -   --   --    -  -  -   --   --
  1 San Francisco        10  3  0  383  223  54.259  49.653 ( 23)  4  2  0  202  106    6  1  0  181  117
  2 New Orleans          10  3  0  357  276  53.736  49.884 ( 18)  5  2  0  184  171    5  1  0  173  105
  3 Washington           11  4  0  380  282  53.495  50.056 ( 14)  6  1  0  161  132    4  3  0  177  140
  4 Denver               10  4  1  395  302  52.738  49.875 ( 19)  8  0  0  252  126    2  3  1  133  134
  5 Cleveland             9  5  0  397  273  52.683  50.012 ( 15)  6  1  0  212  105    3  4  0  185  168
  6 Minnesota            10  5  0  393  316  51.939  49.525 ( 24)  5  2  0  194  153    5  3  0  199  163
  7 Philadelphia          7  5  0  302  288  51.897  50.978 (  2)  4  3  0  158  150    3  2  0  144  138
  8 Chicago               9  4  0  294  274  51.688  49.148 ( 27)  5  2  0  176  125    4  2  0  118  149
  9 Miami                 7  5  0  269  274  51.262  50.457 (  6)  3  3  0  157  171    4  2  0  112  103
 10 Buffalo               6  6  0  251  241  51.080  51.081 (  1)  3  3  0  124  115    3  3  0  127  126
 11 NY Giants             6  6  0  244  227  50.872  50.456 (  7)  5  1  0  124   70    1  5  0  120  157
 12 New England           6  6  0  275  259  50.812  50.533 (  4)  4  2  0  168  121    2  4  0  107  138
 13 Houston               8  6  0  316  362  50.505  50.070 ( 12)  6  1  0  165  160    2  5  0  151  202
 14 Indianapolis          7  6  0  261  249  50.427  49.939 ( 17)  3  4  0  152  138    4  2  0  109  111
 15 Seattle               7  6  0  320  286  50.426  49.710 ( 22)  5  1  0  171  105    2  5  0  149  181
 16 Pittsburgh            6  6  0  215  249  50.034  50.490 (  5)  3  3  0   98  108    3  3  0  117  141
 17 NY Jets               5  7  0  273  285  49.649  50.540 (  3)  3  3  0  155  132    2  4  0  118  153
 18 LA Rams               5  7  0  256  279  49.125  50.193 ( 10)  2  4  0  129  115    3  3  0  127  164
 19 St Louis              6  6  0  289  287  48.955  48.884 ( 28)  3  3  0  146  154    3  3  0  143  133
 20 LA Raiders            4  8  0  235  219  48.590  50.000 ( 16)  2  4  0  111  116    2  4  0  124  103
 21 Dallas                5  7  0  254  289  48.546  49.786 ( 20)  2  3  0  116  125    3  4  0  138  164
 22 San Diego             5  7  0  203  278  48.272  50.143 ( 11)  4  3  0  153  154    1  4  0   50  124
 23 Green Bay             3  8  1  200  255  47.299  50.271 (  9)  1  4  1   86  119    2  4  0  114  136
 24 Cincinnati            3  9  0  259  316  47.227  50.325 (  8)  1  5  0  139  176    2  4  0  120  140
 25 Kansas City           4  8  0  239  285  47.094  49.180 ( 26)  3  3  0  105   99    1  5  0  134  186
 26 Detroit               3  9  0  209  300  45.537  49.238 ( 25)  1  4  0  110  132    2  5  0   99  168
 27 Tampa Bay             2 10  0  222  306  44.688  49.777 ( 21)  1  4  0  108  112    1  6  0  114  194
 28 Atlanta               2 10  0  152  363  43.710  50.058 ( 13)  1  5  0   72  173    1  5  0   80  190
