                                     Overall                             Home                 Away
Rnk Team                  W  L  T   PF   PA    RATE     SOS        W  L  T   PF   PA    W  L  T   PF   PA
--- ----                  -  -  -   --   --  ------  ------        -  -  -   --   --    -  -  -   --   --
  1 Baltimore            15  1  0  460  158  59.269  50.101 (  7)  7  1  0  218   80    8  0  0  242   78
  2 LA Rams              10  3  1  312  200  54.750  50.492 (  4)  5  2  0  170  107    5  1  1  142   93
  3 Dallas               12  3  0  451  217  54.238  48.442 ( 16)  5  2  0  216  116    7  1  0  235  101
  4 Cleveland            11  5  0  425  327  53.148  50.288 (  5)  6  3  0  246  176    5  2  0  179  151
  5 St Louis              9  4  1  325  289  51.769  49.561 ( 12)  4  2  1  167  138    5  2  0  158  151
  6 San Francisco         7  6  1  303  310  51.233  50.994 (  2)  3  3  1  165  175    4  3  0  138  135
  7 Minnesota             8  7  0  296  266  50.615  50.255 (  6)  4  3  0  128  115    4  4  0  168  151
  8 Green Bay             6  7  1  281  227  49.650  49.749 ( 11)  2  5  0  116  114    4  2  1  165  113
  9 NY Giants             7  7  0  289  325  49.115  49.788 ( 10)  3  4  0  129  156    4  3  0  160  169
 10 Chicago               7  7  0  250  333  48.937  49.851 (  9)  2  5  0  134  187    5  2  0  116  146
 11 Detroit               4  8  2  207  241  47.718  50.025 (  8)  1  4  2  103  111    3  4  0  104  130
 12 Washington            5  9  0  249  358  46.756  49.174 ( 15)  3  4  0  109  138    2  5  0  140  220
 13 New Orleans           4  9  1  246  322  46.534  49.359 ( 14)  3  4  0  131  133    1  5  1  115  189
 14 Pittsburgh            2 11  1  244  397  44.984  50.530 (  3)  1  6  0  107  204    1  5  1  137  193
 15 Atlanta               2 12  0  170  389  44.974  51.889 (  1)  1  6  0  101  183    1  6  0   69  206
 16 Philadelphia          2 12  0  202  351  44.190  49.541 ( 13)  1  6  0  127  210    1  6  0   75  141
