                                     Overall                             Home                 Away
Rnk Team                  W  L  T   PF   PA    RATE     SOS        W  L  T   PF   PA    W  L  T   PF   PA
--- ----                  -  -  -   --   --  ------  ------        -  -  -   --   --    -  -  -   --   --
  1 Cleveland            11  2  0  364  179  55.472  49.092 ( 11)  6  0  0  210   83    5  2  0  154   96
  2 Detroit              11  2  0  288  221  54.774  49.708 (  8)  6  1  0  162  118    5  1  0  126  103
  3 San Francisco         9  3  0  372  237  54.532  50.249 (  6)  5  1  0  189  107    4  2  0  183  130
  4 LA Rams               8  3  1  366  236  53.090  49.122 ( 10)  5  1  0  201  105    3  2  1  165  131
  5 Philadelphia          7  4  1  352  215  51.926  49.231 (  9)  5  0  1  199   76    2  4  0  153  139
  6 Washington            6  5  1  208  215  49.476  49.035 ( 12)  3  3  0  102   97    3  2  1  106  118
  7 Pittsburgh            6  6  0  211  263  48.959  49.725 (  7)  3  3  0  118  128    3  3  0   93  135
  8 Chicago               3  8  1  218  262  47.283  50.324 (  5)  1  4  1  120  137    2  4  0   98  125
  9 NY Giants             3  9  0  179  277  46.667  50.681 (  3)  2  4  0  105  107    1  5  0   74  170
 10 Baltimore             3  9  0  182  350  46.446  51.097 (  2)  2  4  0  115  147    1  5  0   67  203
 11 Green Bay             2  9  1  200  338  46.201  51.390 (  1)  1  5  0   84  147    1  4  1  116  191
 12 Chicago Cardinals     1 10  1  190  337  44.320  50.448 (  4)  0  5  1   98  175    1  5  0   92  162
