                                     Overall                             Home                 Away
Rnk Team                  W  L  T   PF   PA    RATE     SOS        W  L  T   PF   PA    W  L  T   PF   PA
--- ----                  -  -  -   --   --  ------  ------        -  -  -   --   --    -  -  -   --   --
  1 Chicago               9  3  1  370  293  53.395  50.235 (  3)  6  0  0  205   93    3  3  1  165  200
  2 Detroit               9  3  0  300  188  53.356  49.506 ( 12)  5  1  0  178   82    4  2  0  122  106
  3 NY Giants             9  3  1  311  204  53.268  49.699 (  9)  5  1  1  180   85    4  2  0  131  119
  4 Chicago Cardinals     7  5  0  240  182  51.028  49.658 ( 11)  4  2  0  145  119    3  3  0   95   63
  5 Washington            6  6  0  183  225  49.424  49.992 (  8)  4  2  0   93  104    2  4  0   90  121
  6 San Francisco         5  6  1  233  284  49.227  50.327 (  2)  3  3  0  156  160    2  3  1   77  124
  7 Pittsburgh            5  7  0  217  250  49.077  50.019 (  7)  3  3  0  119   99    2  4  0   98  151
  8 Baltimore             5  7  0  270  322  48.793  50.234 (  4)  4  2  0  162  131    1  5  0  108  191
  9 Cleveland             5  7  0  167  177  48.681  49.666 ( 10)  1  5  0   73  124    4  2  0   94   53
 10 LA Rams               4  8  0  291  307  48.419  50.113 (  5)  4  2  0  168   92    0  6  0  123  215
 11 Green Bay             4  8  0  264  342  47.954  50.507 (  1)  2  4  0  140  148    2  4  0  124  194
 12 Philadelphia          3  8  1  143  215  46.823  50.050 (  6)  2  3  1   50   83    1  5  0   93  132
