                                     Overall                             Home                 Away
Rnk Team                  W  L  T   PF   PA    RATE     SOS        W  L  T   PF   PA    W  L  T   PF   PA
--- ----                  -  -  -   --   --  ------  ------        -  -  -   --   --    -  -  -   --   --
  1 Cleveland            10  2  1  387  232  54.786  50.036 (  6)  5  1  0  179  106    5  1  1  208  126
  2 Washington            8  4  0  246  222  52.217  50.363 (  5)  3  3  0  113  113    5  1  0  133  109
  3 NY Giants             6  5  1  267  223  51.472  50.436 (  4)  4  1  1  145   75    2  4  0  122  148
  4 Chicago               8  4  0  294  251  50.822  48.667 ( 12)  5  1  0  171   94    3  3  0  123  157
  5 LA Rams               8  4  1  274  269  50.715  49.081 ( 11)  5  2  0  163  153    3  2  1  111  116
  6 Philadelphia          4  7  1  248  231  50.155  51.185 (  2)  4  2  0  162   91    0  5  1   86  140
  7 Chicago Cardinals     4  7  1  224  252  49.413  51.187 (  1)  3  2  1  152  125    1  5  0   72  127
  8 Green Bay             6  6  0  258  276  49.245  49.316 ( 10)  5  1  0  152  107    1  5  0  106  169
  9 Baltimore             5  6  1  214  239  48.707  49.363 (  9)  4  1  1  121   85    1  5  0   93  154
 10 Pittsburgh            4  8  0  195  285  48.456  51.106 (  3)  3  3  0  106  121    1  5  0   89  164
 11 San Francisco         4  8  0  216  298  47.088  49.909 (  7)  2  4  0  120  168    2  4  0   96  130
 12 Detroit               3  9  0  230  275  46.465  49.424 (  8)  2  4  0  115  116    1  5  0  115  159
