                                     Overall                             Home                 Away
Rnk Team                  W  L  T   PF   PA    RATE     SOS        W  L  T   PF   PA    W  L  T   PF   PA
--- ----                  -  -  -   --   --  ------  ------        -  -  -   --   --    -  -  -   --   --
  1 Pittsburgh           15  4  0  508  308  55.626  51.176 (  5) 10  0  0  308  111    4  4  0  169  178
  2 San Diego            12  5  0  425  263  54.298  50.683 (  9)  7  2  0  228  114    5  3  0  197  149
  3 Houston              13  6  0  405  379  53.672  51.632 (  2)  7  2  0  221  152    6  4  0  184  227
  4 Cleveland             9  7  0  359  352  52.107  51.385 (  4)  5  3  0  179  168    4  4  0  180  184
  5 Denver               10  7  0  296  275  52.053  50.947 (  8)  6  2  0  148   77    4  5  0  148  198
  6 Dallas               11  6  0  390  334  52.018  50.125 ( 12)  6  3  0  241  175    5  3  0  149  159
  7 Oakland               9  7  0  365  337  51.860  50.967 (  7)  6  2  0  222  124    3  5  0  143  213
  8 Philadelphia         12  6  0  383  323  51.836  49.713 ( 16)  5  4  0  180  147    7  2  0  203  176
  9 Washington           10  6  0  348  295  51.701  49.774 ( 15)  5  3  0  211  154    5  3  0  137  141
 10 Seattle               9  7  0  378  372  51.544  51.006 (  6)  5  3  0  179  159    4  4  0  199  213
 11 Miami                10  7  0  355  291  51.218  49.645 ( 19)  6  2  0  182  100    4  5  0  173  191
 12 New England           9  7  0  411  326  50.722  49.428 ( 21)  6  2  0  238  130    3  5  0  173  196
 13 LA Rams              11  8  0  372  359  50.605  49.679 ( 18)  4  4  0  156  172    7  3  0  197  156
 14 Kansas City           7  9  0  238  262  50.497  51.399 (  3)  3  5  0  154  150    4  4  0   84  112
 15 Chicago              10  7  0  323  276  49.492  48.193 ( 27)  6  2  0  179  103    4  5  0  144  173
 16 NY Jets               8  8  0  337  383  49.369  49.502 ( 20)  6  2  0  197  145    2  6  0  140  238
 17 New Orleans           8  8  0  370  360  49.340  49.122 ( 23)  3  5  0  172  219    5  3  0  198  141
 18 Tampa Bay            11  7  0  297  263  49.242  47.829 ( 28)  6  4  0  167  133    5  3  0  130  130
 19 Cincinnati            4 12  0  337  421  48.730  51.915 (  1)  4  4  0  193  149    0  8  0  144  272
 20 Buffalo               7  9  0  268  279  48.638  49.689 ( 17)  3  5  0  158  142    4  4  0  110  137
 21 St Louis              5 11  0  307  358  48.248  50.566 ( 10)  3  5  0  168  162    2  6  0  139  196
 22 NY Giants             6 10  0  237  323  47.869  49.795 ( 14)  4  4  0  135  130    2  6  0  102  193
 23 Baltimore             5 11  0  271  351  47.817  50.508 ( 11)  3  5  0  165  188    2  6  0  106  163
 24 Atlanta               6 10  0  300  388  47.360  49.370 ( 22)  3  5  0  144  180    3  5  0  156  208
 25 Minnesota             7  9  0  259  337  46.966  48.281 ( 26)  5  3  0  151  155    2  6  0  108  182
 26 Green Bay             5 11  0  246  316  46.061  48.666 ( 25)  4  4  0  154  140    1  7  0   92  176
 27 San Francisco         2 14  0  308  416  45.012  49.887 ( 13)  2  6  0  176  200    0  8  0  132  216
 28 Detroit               2 14  0  219  365  43.540  48.982 ( 24)  2  6  0  132  145    0  8  0   87  220
