                                     Overall                             Home                 Away
Rnk Team                  W  L  T   PF   PA    RATE     SOS        W  L  T   PF   PA    W  L  T   PF   PA
--- ----                  -  -  -   --   --  ------  ------        -  -  -   --   --    -  -  -   --   --
  1 Pittsburgh           17  2  0  458  241  56.414  49.922 ( 17)  9  1  0  240  122    7  1  0  183   88
  2 Dallas               14  5  0  470  263  54.267  50.279 (  7)  8  1  0  215   90    6  3  0  224  138
  3 LA Rams              13  5  0  350  283  52.629  49.737 ( 22)  7  3  0  187  136    6  2  0  163  147
  4 Miami                11  6  0  381  271  52.548  50.124 ( 12)  7  2  0  193  108    4  4  0  188  163
  5 Houston              12  7  0  336  355  52.058  50.811 (  3)  5  3  0  136  147    7  4  0  200  208
  6 Denver               10  7  0  292  231  52.057  50.366 (  5)  6  2  0  170   92    4  5  0  122  139
  7 New England          11  6  0  372  317  52.039  50.184 ( 10)  5  4  0  244  213    6  2  0  128  104
  8 San Diego             9  7  0  366  312  51.075  50.089 ( 14)  5  3  0  206  129    4  4  0  160  183
  9 Oakland               9  7  0  311  283  50.834  50.119 ( 13)  4  4  0  164  146    5  3  0  147  137
 10 Philadelphia          9  8  0  283  264  50.830  50.184 (  9)  5  3  0  118   91    4  5  0  165  173
 11 NY Jets               8  8  0  359  364  50.624  50.705 (  4)  4  4  0  183  161    4  4  0  176  203
 12 Seattle               9  7  0  345  358  50.589  50.171 ( 11)  5  3  0  205  155    4  4  0  140  203
 13 Minnesota             8  8  1  304  340  49.929  50.005 ( 15)  5  3  0  129  127    3  5  1  175  213
 14 Cleveland             8  8  0  334  356  49.864  50.202 (  8)  5  3  0  179  159    3  5  0  155  197
 15 Green Bay             8  7  1  252  280  49.767  49.861 ( 20)  5  2  1  168  160    3  5  0   84  120
 16 Atlanta              10  8  0  274  330  49.673  49.529 ( 24)  8  1  0  163  122    2  7  0  111  208
 17 Washington            8  8  0  273  283  49.495  49.705 ( 23)  5  3  0  148  128    3  5  0  125  155
 18 New Orleans           7  9  0  281  298  49.160  49.876 ( 19)  3  5  0  165  165    4  4  0  116  133
 19 Chicago               7  9  0  253  274  48.588  49.038 ( 27)  4  4  0  143  121    3  5  0  110  153
 20 Detroit               7  9  0  290  300  48.172  49.090 ( 26)  5  3  0  186  132    2  6  0  104  168
 21 St Louis              6 10  0  248  296  47.981  49.895 ( 18)  3  5  0  147  157    3  5  0  101  139
 22 NY Giants             6 10  0  264  298  47.805  49.269 ( 25)  5  3  0  162  113    1  7  0  102  185
 23 Baltimore             5 11  0  239  421  47.668  51.075 (  1)  2  6  0  104  216    3  5  0  135  205
 24 Buffalo               5 11  0  302  354  47.639  49.983 ( 16)  4  4  0  169  135    1  7  0  133  219
 25 Cincinnati            4 12  0  252  284  47.576  50.836 (  2)  3  5  0  181  152    1  7  0   71  132
 26 Kansas City           4 12  0  243  327  46.892  50.286 (  6)  3  5  0  121  119    1  7  0  122  208
 27 Tampa Bay             5 11  0  241  259  46.477  48.670 ( 28)  3  5  0  122  130    2  6  0  119  129
 28 San Francisco         2 14  0  219  350  44.211  49.835 ( 21)  2  6  0  116  136    0  8  0  103  214
