                                     Overall                             Home                 Away
Rnk Team                  W  L  T   PF   PA    RATE     SOS        W  L  T   PF   PA    W  L  T   PF   PA
--- ----                  -  -  -   --   --  ------  ------        -  -  -   --   --    -  -  -   --   --
  1 Chicago              12  1  2  315  154  56.003  49.586 ( 11)  7  0  1  140   65    5  1  1  175   89
  2 Green Bay            11  2  1  369  206  55.203  49.849 (  9)  6  1  0  196   81    5  1  1  173  125
  3 NY Giants            11  4  0  458  294  53.185  49.261 ( 13)  5  2  0  245  139    6  2  0  213  155
  4 Cleveland            10  4  0  343  262  52.128  49.028 ( 14)  5  2  0  176  120    5  2  0  167  142
  5 Pittsburgh            7  4  3  321  295  51.581  50.107 (  7)  5  0  2  165  102    2  4  1  156  193
  6 St Louis              9  5  0  341  283  51.485  49.578 ( 12)  3  4  0  148  177    6  1  0  193  106
  7 Baltimore             8  6  0  316  285  51.097  50.148 (  6)  4  3  0  159  138    4  3  0  157  147
  8 Detroit               5  8  1  326  265  49.800  50.318 (  5)  3  3  1  168  126    2  5  0  158  139
  9 Minnesota             5  8  1  309  390  48.404  50.408 (  4)  3  4  0  183  216    2  4  1  126  174
 10 LA Rams               5  9  0  210  350  47.387  50.602 (  2)  3  4  0  116  204    2  5  0   94  146
 11 Dallas                4 10  0  305  378  46.698  49.613 ( 10)  3  4  0  156  187    1  6  0  149  191
 12 Washington            3 11  0  279  398  45.846  50.018 (  8)  1  6  0  134  196    2  5  0  145  202
 13 Philadelphia          2 10  2  242  381  45.806  50.447 (  3)  1  5  1  123  177    1  5  1  119  204
 14 San Francisco         2 12  0  198  391  44.719  51.119 (  1)  2  5  0  126  169    0  7  0   72  222
