                                     Overall                             Home                 Away
Rnk Team                  W  L  T   PF   PA    RATE     SOS        W  L  T   PF   PA    W  L  T   PF   PA
--- ----                  -  -  -   --   --  ------  ------        -  -  -   --   --    -  -  -   --   --
  1 Dallas               14  3  0  464  240  55.228  49.562 ( 17)  7  1  0  225  107    6  2  0  215  130
  2 Minnesota            11  4  0  257  159  53.542  49.716 ( 16)  5  3  0  123   73    6  1  0  134   86
  3 Baltimore            11  5  0  333  164  53.276  49.549 ( 18)  4  3  0  148   90    7  2  0  185   74
  4 Miami                12  4  1  366  222  53.247  49.501 ( 20)  6  2  0  194   61    6  1  1  169  137
  5 LA Rams               8  5  1  313  260  52.963  51.165 (  3)  4  2  1  167  128    4  3  0  146  132
  6 San Francisco        10  6  0  327  250  52.697  50.841 (  4)  5  3  0  169  132    5  3  0  158  118
  7 Kansas City          10  4  1  326  235  52.448  49.263 ( 23)  7  1  0  199  113    3  3  1  127  122
  8 Washington            9  5  1  296  214  52.276  50.046 ( 12)  4  2  1  109   74    5  3  0  187  140
  9 Oakland               8  4  2  344  278  51.173  49.321 ( 22)  5  1  1  201  164    3  3  1  143  114
 10 Detroit               7  6  1  341  286  51.102  50.266 (  9)  3  4  0  173  175    4  2  1  168  111
 11 Atlanta               7  6  1  274  277  50.654  50.380 (  8)  4  3  0  142  128    3  3  1  132  149
 12 Cleveland             9  6  0  271  306  49.980  49.514 ( 19)  4  4  0  136  176    5  2  0  135  130
 13 Chicago               6  8  0  185  276  49.336  51.262 (  2)  4  3  0  118  135    2  5  0   67  141
 14 Philadelphia          6  7  1  221  302  49.192  50.467 (  7)  3  4  0   82  136    3  3  1  139  166
 15 New Orleans           4  8  2  266  347  49.181  51.391 (  1)  2  4  1  136  161    2  4  1  130  186
 16 New England           6  8  0  238  325  48.695  50.214 ( 10)  5  2  0  150  129    1  6  0   88  196
 17 NY Jets               6  8  0  212  299  48.580  49.934 ( 14)  4  3  0  137  122    2  5  0   75  177
 18 Green Bay             4  8  2  274  298  48.528  50.199 ( 11)  3  3  1  173  149    1  5  1  101  149
 19 Pittsburgh            6  8  0  246  292  48.259  49.364 ( 21)  5  2  0  132  110    1  6  0  114  182
 20 San Diego             6  8  0  311  341  47.900  48.828 ( 26)  6  1  0  185  120    0  7  0  126  221
 21 Denver                4  9  1  203  275  47.478  49.983 ( 13)  2  4  1   82  114    2  5  0  121  161
 22 St Louis              4  9  1  231  279  47.466  49.871 ( 15)  1  5  1  117  150    3  4  0  114  129
 23 Cincinnati            4 10  0  284  265  47.080  49.057 ( 24)  3  4  0  152  107    1  6  0  132  158
 24 Houston               4  9  1  264  313  46.785  49.023 ( 25)  3  3  1  148  143    1  6  0  116  170
 25 NY Giants             4 10  0  228  362  46.764  50.749 (  6)  1  6  0  104  202    3  4  0  124  160
 26 Buffalo               1 13  0  184  394  42.914  50.783 (  5)  1  6  0  122  209    0  7  0   62  185
