                                     Overall                             Home                 Away
Rnk Team                  W  L  T   PF   PA    RATE     SOS        W  L  T   PF   PA    W  L  T   PF   PA
--- ----                  -  -  -   --   --  ------  ------        -  -  -   --   --    -  -  -   --   --
  1 Chicago              18  1  0  547  208  59.035  50.125 ( 13) 10  0  0  275   74    7  1  0  226  124
  2 New England          14  6  0  456  384  53.965  51.003 (  2)  7  1  0  188  128    7  4  0  258  210
  3 Miami                13  5  0  472  372  53.114  49.991 ( 14)  9  1  0  287  191    4  4  0  185  181
  4 LA Raiders           12  5  0  374  335  53.103  50.486 (  7)  7  2  0  194  142    5  3  0  180  193
  5 NY Jets              11  6  0  407  290  52.921  50.468 (  8)  7  2  0  242  140    4  4  0  165  150
  6 San Francisco        10  7  0  414  280  52.160  50.224 ( 12)  5  3  0  187  127    5  4  0  227  153
  7 Denver               11  5  0  380  329  52.050  49.781 ( 15)  6  2  0  179  153    5  3  0  201  176
  8 LA Rams              12  6  0  360  301  51.941  49.772 ( 16)  7  2  0  198  117    5  4  0  162  184
  9 NY Giants            11  7  0  416  307  51.589  49.410 ( 23)  7  2  0  218  137    4  5  0  198  170
 10 Seattle               8  8  0  349  303  50.773  50.560 (  6)  5  3  0  205  151    3  5  0  144  152
 11 Dallas               10  7  0  357  353  50.715  49.695 ( 19)  7  1  0  212  143    3  6  0  145  210
 12 Washington           10  6  0  297  312  50.586  49.570 ( 21)  5  3  0  138  138    5  3  0  159  174
 13 Green Bay             8  8  0  337  355  50.106  50.564 (  5)  5  3  0  182  135    3  5  0  155  220
 14 San Diego             8  8  0  467  435  49.481  49.198 ( 26)  6  2  0  257  199    2  6  0  210  236
 15 Cleveland             8  9  0  308  318  49.384  49.589 ( 20)  5  3  0  161  123    3  6  0  147  195
 16 Detroit               7  9  0  307  366  49.302  50.896 (  3)  6  2  0  222  176    1  7  0   85  190
 17 Minnesota             7  9  0  346  359  48.766  49.737 ( 18)  4  4  0  190  185    3  5  0  156  174
 18 Cincinnati            7  9  0  441  437  48.765  49.446 ( 22)  5  3  0  268  213    2  6  0  173  224
 19 Kansas City           6 10  0  317  360  48.467  50.229 ( 11)  5  3  0  198  160    1  7  0  119  200
 20 Pittsburgh            7  9  0  379  361  48.413  48.896 ( 28)  5  3  0  198  144    2  6  0  181  217
 21 Philadelphia          7  9  0  286  310  48.301  49.190 ( 27)  4  4  0  135  140    3  5  0  151  170
 22 Indianapolis          5 11  0  320  386  47.618  50.467 (  9)  4  4  0  212  171    1  7  0  108  215
 23 New Orleans           5 11  0  294  401  46.884  49.766 ( 17)  3  5  0  144  179    2  6  0  150  222
 24 Atlanta               4 12  0  282  452  46.735  50.817 (  4)  3  5  0  181  239    1  7  0  101  213
 25 St Louis              5 11  0  278  414  46.070  49.326 ( 24)  4  4  0  169  192    1  7  0  109  222
 26 Houston               5 11  0  284  412  45.981  49.200 ( 25)  4  4  0  167  208    1  7  0  117  204
 27 Tampa Bay             2 14  0  294  448  45.357  51.157 (  1)  2  6  0  151  188    0  8  0  143  260
 28 Buffalo               2 14  0  200  381  44.383  50.238 ( 10)  2  6  0  122  140    0  8  0   78  241
