                                     Overall                             Home                 Away
Rnk Team                  W  L  T   PF   PA    RATE     SOS        W  L  T   PF   PA    W  L  T   PF   PA
--- ----                  -  -  -   --   --  ------  ------        -  -  -   --   --    -  -  -   --   --
  1 Denver               14  3  0  338  213  56.938  51.806 (  3)  8  1  0  189  104    6  1  0  139   82
  2 Dallas               15  2  0  432  235  56.678  50.011 ( 15)  8  1  0  250  101    6  1  0  155  124
  3 Oakland              12  4  0  405  281  54.965  51.096 (  6)  6  1  0  199  112    6  3  0  206  169
  4 Miami                10  4  0  313  197  53.199  49.473 ( 18)  6  1  0  157   76    4  3  0  156  121
  5 Pittsburgh            9  6  0  304  277  53.066  51.882 (  2)  6  1  0  174  104    3  5  0  130  173
  6 Baltimore            10  5  0  326  258  52.533  50.095 ( 14)  6  2  0  207  152    4  3  0  119  106
  7 Houston               8  6  0  299  230  52.132  50.711 (  9)  5  2  0  186   94    3  4  0  113  136
  8 LA Rams              10  5  0  309  160  51.781  48.284 ( 27)  7  1  0  184   59    3  4  0  125  101
  9 Cincinnati            8  6  0  238  235  51.578  50.778 (  8)  5  2  0  141  107    3  4  0   97  128
 10 New England           9  5  0  278  217  51.518  49.176 ( 20)  6  1  0  135   73    3  4  0  143  144
 11 San Diego             7  7  0  222  205  51.398  51.122 (  5)  3  4  0  132   96    4  3  0   90  109
 12 Minnesota            10  6  0  251  257  51.238  49.814 ( 16)  5  2  0  142  110    5  4  0  109  147
 13 Washington            9  5  0  196  189  50.996  49.463 ( 19)  5  2  0   97   91    4  3  0   99   98
 14 Cleveland             6  8  0  269  267  50.125  50.826 (  7)  2  5  0  120  126    4  3  0  149  141
 15 St Louis              7  7  0  272  287  50.115  50.335 ( 12)  4  3  0  172  171    3  4  0  100  116
 16 Chicago               9  6  0  262  290  49.616  48.556 ( 25)  5  2  0  147  145    4  4  0  115  145
 17 Atlanta               7  7  0  179  129  48.782  48.093 ( 28)  4  3  0  106   62    3  4  0   73   67
 18 Philadelphia          5  9  0  220  207  48.085  49.597 ( 17)  4  3  0  126   78    1  6  0   94  129
 19 Seattle               5  9  0  282  373  48.085  50.632 ( 10)  3  4  0  171  164    2  5  0  111  209
 20 NY Giants             5  9  0  181  265  47.650  50.136 ( 13)  3  4  0  103  126    2  5  0   78  139
 21 Detroit               6  8  0  183  252  47.416  48.840 ( 23)  5  2  0  121  106    1  6  0   62  146
 22 San Francisco         5  9  0  220  260  47.148  49.036 ( 22)  3  4  0  128  125    2  5  0   92  135
 23 Kansas City           2 12  0  225  349  46.464  51.962 (  1)  1  6  0  106  162    1  6  0  119  187
 24 Buffalo               3 11  0  160  313  46.155  51.153 (  4)  1  6  0   58  125    2  5  0  102  188
 25 NY Jets               3 11  0  191  300  45.878  50.509 ( 11)  1  6  0  109  143    2  5  0   82  157
 26 Green Bay             4 10  0  134  219  45.273  48.823 ( 24)  2  5  0   55  119    2  5  0   79  100
 27 New Orleans           3 11  0  232  336  43.978  48.293 ( 26)  2  5  0  102  143    1  6  0  130  193
 28 Tampa Bay             2 12  0  103  223  42.903  49.060 ( 21)  1  6  0   20   76    1  6  0   83  147
