                                     Overall                             Home                 Away
Rnk Team                  W  L  T   PF   PA    RATE     SOS        W  L  T   PF   PA    W  L  T   PF   PA
--- ----                  -  -  -   --   --  ------  ------        -  -  -   --   --    -  -  -   --   --
  1 Baltimore            12  3  0  428  252  55.081  50.612 (  6)  6  1  0  224  110    6  2  0  204  142
  2 Cleveland            11  3  1  442  293  53.149  49.067 ( 12)  6  1  1  245  151    5  2  0  197  142
  3 Green Bay             8  5  1  342  245  52.942  50.812 (  4)  4  3  0  165  126    4  2  1  177  119
  4 Minnesota             8  5  1  355  296  52.066  50.346 (  7)  4  3  0  183  154    4  2  1  172  142
  5 Detroit               7  5  2  280  260  51.935  50.791 (  5)  3  3  1  144  125    4  2  1  136  135
  6 St Louis              9  3  2  357  331  51.254  48.790 ( 14)  4  2  1  186  195    5  1  1  171  136
  7 LA Rams               5  7  2  283  339  49.653  50.894 (  3)  3  2  2  156  136    2  5  0  127  203
  8 Washington            6  8  0  307  305  48.461  49.210 ( 10)  4  3  0  163  141    2  5  0  144  164
  9 Chicago               5  9  0  260  379  48.425  51.123 (  2)  2  5  0  112  170    3  4  0  148  209
 10 Philadelphia          6  8  0  312  313  48.178  48.842 ( 13)  3  4  0  150  143    3  4  0  162  170
 11 San Francisco         4 10  0  236  330  48.135  51.403 (  1)  3  4  0  138  132    1  6  0   98  198
 12 Dallas                5  8  1  250  289  47.633  49.175 ( 11)  2  4  1  111  143    3  4  0  139  146
 13 Pittsburgh            5  9  0  253  315  47.177  49.265 (  9)  2  5  0  111  182    3  4  0  142  133
 14 NY Giants             2 10  2  241  399  45.324  49.693 (  8)  2  5  0  143  207    0  5  2   98  192
