                                     Overall                             Home                 Away
Rnk Team                  W  L  T   PF   PA    RATE     SOS        W  L  T   PF   PA    W  L  T   PF   PA
--- ----                  -  -  -   --   --  ------  ------        -  -  -   --   --    -  -  -   --   --
  1 Baltimore            10  3  0  405  267  54.456  50.045 (  6)  5  2  0  222  145    5  1  0  183  122
  2 NY Giants            10  3  0  300  201  53.115  48.919 ( 12)  5  1  0  155   48    4  2  0  115  133
  3 Chicago               8  4  0  252  196  52.475  49.987 (  7)  4  2  0  122  104    4  2  0  130   92
  4 San Francisco         7  5  0  255  237  51.624  50.590 (  3)  4  2  0  139  108    3  3  0  116  129
  5 Green Bay             7  5  0  248  246  51.506  50.446 (  4)  4  2  0  109  109    3  3  0  139  137
  6 Cleveland             7  5  0  270  214  51.128  49.410 (  9)  3  3  0  125   73    4  2  0  145  141
  7 Pittsburgh            6  5  1  257  216  50.213  49.064 ( 10)  3  2  1  126   81    3  3  0  131  135
  8 Philadelphia          7  5  0  268  278  49.552  49.061 ( 11)  5  1  0  178  133    1  4  0   62  121
  9 Detroit               3  8  1  203  275  47.634  50.794 (  2)  2  4  0  136  151    1  4  1   67  124
 10 LA Rams               2 10  0  242  315  47.128  51.505 (  1)  0  6  0  111  173    2  4  0  131  142
 11 Washington            3  9  0  185  350  45.605  50.320 (  5)  2  4  0   97  154    1  5  0   88  196
 12 Chicago Cardinals     2 10  0  234  324  44.932  49.945 (  8)  2  2  0  108  110    0  6  0   82  156
