                                     Overall                             Home                 Away
Rnk Team                  W  L  T   PF   PA    RATE     SOS        W  L  T   PF   PA    W  L  T   PF   PA
--- ----                  -  -  -   --   --  ------  ------        -  -  -   --   --    -  -  -   --   --
  1 Indianapolis         14  3  0  457  268  55.226  49.512 ( 24)  7  2  0  212  124    7  1  0  245  144
  2 Denver               14  4  0  439  305  54.902  50.710 (  4)  9  1  0  253  147    5  3  0  186  158
  3 Pittsburgh           15  5  0  496  320  54.709  50.529 (  6)  5  3  0  212  161    9  2  0  263  149
  4 Seattle              15  4  0  516  316  53.966  49.412 ( 27) 10  0  0  291  127    5  3  0  215  168
  5 San Diego             9  7  0  418  312  52.599  51.231 (  1)  4  4  0  229  161    5  3  0  189  151
  6 New York Giants      11  6  0  422  337  52.452  50.189 ( 13)  7  2  0  238  157    4  4  0  184  180
  7 Washington           11  7  0  386  323  52.412  50.749 (  3)  6  2  0  198  117    5  5  0  188  206
  8 Kansas City          10  6  0  403  325  52.366  50.403 (  9)  7  1  0  227  141    3  5  0  176  184
  9 Carolina             13  6  0  457  314  52.289  49.357 ( 30)  5  3  0  201  135    8  3  0  256  179
 10 Jacksonville         12  5  0  364  297  52.258  49.513 ( 23)  6  2  0  175  119    6  3  0  189  178
 11 New England          11  7  0  420  368  52.236  50.509 (  7)  6  3  0  211  168    5  4  0  209  200
 12 Cincinnati           11  6  0  438  381  52.113  49.942 ( 17)  5  4  0  233  221    6  2  0  205  160
 13 Chicago              11  6  0  281  231  51.404  49.321 ( 31)  7  2  0  169   90    4  4  0  112  141
 14 Dallas                9  7  0  325  308  51.222  50.498 (  8)  5  3  0  178  129    4  4  0  147  179
 15 Tampa Bay            11  6  0  310  291  50.903  49.115 ( 32)  6  3  0  187  165    5  3  0  123  126
 16 Miami                 9  7  0  318  317  49.889  49.419 ( 26)  5  3  0  179  157    4  4  0  139  160
 17 Minnesota             9  7  0  306  344  49.708  49.465 ( 25)  6  2  0  184  127    3  5  0  122  217
 18 Atlanta               8  8  0  351  341  49.572  49.359 ( 29)  4  4  0  198  189    4  4  0  153  152
 19 Philadelphia          6 10  0  310  388  48.713  50.629 (  5)  4  4  0  167  174    2  6  0  143  214
 20 Baltimore             6 10  0  265  299  48.425  50.218 ( 12)  6  2  0  155  105    0  8  0  110  194
 21 Cleveland             6 10  0  232  301  48.039  50.006 ( 15)  4  4  0  119  141    2  6  0  113  160
 22 St. Louis             6 10  0  363  429  47.564  49.410 ( 28)  3  5  0  187  205    3  5  0  176  224
 23 Oakland               4 12  0  290  383  47.314  50.892 (  2)  2  6  0  154  183    2  6  0  136  200
 24 Buffalo               5 11  0  271  367  47.194  49.898 ( 18)  4  4  0  132  141    1  7  0  139  226
 25 Arizona               5 11  0  311  387  47.097  49.754 ( 21)  2  5  0  128  146    2  6  0  152  227
 26 Detroit               5 11  0  254  345  46.995  49.698 ( 22)  3  5  0  154  170    2  6  0  100  175
 27 Green Bay             4 12  0  298  344  46.791  49.996 ( 16)  3  5  0  175  140    1  7  0  123  204
 28 New York Jets         4 12  0  240  355  46.479  50.266 ( 10)  4  4  0  173  164    0  8  0   67  191
 29 Tennessee             4 12  0  299  421  45.900  49.876 ( 19)  3  5  0  181  197    1  7  0  118  224
 30 San Francisco         4 12  0  239  428  45.715  50.116 ( 14)  3  5  0  138  182    1  6  0   87  215
 31 New Orleans           3 13  0  235  398  44.996  49.765 ( 20)  1  7  0  108  159    2  6  0  127  239
 32 Houston               2 14  0  260  431  44.112  50.247 ( 11)  2  6  0  160  250    0  8  0  100  181
