                                     Overall                             Home                 Away
Rnk Team                  W  L  T   PF   PA    RATE     SOS        W  L  T   PF   PA    W  L  T   PF   PA
--- ----                  -  -  -   --   --  ------  ------        -  -  -   --   --    -  -  -   --   --
  1 Cleveland            10  2  1  328  186  53.970  49.424 ( 11)  6  0  0  151   58    4  2  1  177  128
  2 Detroit               9  5  0  296  317  51.966  50.384 (  2)  5  2  0  131  143    4  3  0  165  174
  3 Baltimore             7  5  0  303  235  51.475  49.891 (  8)  4  2  0  147  102    3  3  0  156  133
  4 San Francisco         8  5  0  287  295  51.006  49.959 (  7)  5  2  0  160  152    3  3  0  127  143
  5 NY Giants             7  5  0  254  211  50.652  49.410 ( 12)  3  3  0  134  106    4  2  0  120  105
  6 LA Rams               6  6  0  307  278  50.490  50.279 (  4)  5  1  0  178  108    1  5  0  129  170
  7 Washington            5  6  1  251  230  49.681  49.771 (  9)  2  3  1  133  129    3  3  0  118  101
  8 Pittsburgh            6  6  0  161  178  49.469  49.647 ( 10)  4  2  0  106   87    2  4  0   55   91
  9 Chicago               5  7  0  203  211  49.114  50.026 (  6)  2  4  0  102  125    3  3  0  101   86
 10 Philadelphia          4  8  0  173  230  47.868  50.229 (  5)  3  3  0  108  107    1  5  0   65  123
 11 Green Bay             3  9  0  218  311  47.194  50.685 (  1)  1  5  0  110  172    2  4  0  108  139
 12 Chicago Cardinals     3  9  0  200  299  46.373  50.283 (  3)  0  6  0   71  161    3  3  0  129  138
