                                     Overall                             Home                 Away
Rnk Team                  W  L  T   PF   PA    RATE     SOS        W  L  T   PF   PA    W  L  T   PF   PA
--- ----                  -  -  -   --   --  ------  ------        -  -  -   --   --    -  -  -   --   --
  1 Chicago               9  2  1  313  207  54.256  49.941 (  7)  4  1  1  153  110    5  1  0  160   97
  2 NY Giants             7  4  1  250  186  52.214  50.158 (  2)  5  2  1  188  124    2  2  0   62   62
  3 LA Rams               6  4  1  277  257  51.222  49.965 (  6)  3  2  0  125   97    3  2  1  152  160
  4 Chicago Cardinals     6  5  0  260  198  51.200  49.890 (  8)  2  2  0   92   77    4  3  0  168  121
  5 Green Bay             6  5  0  148  158  50.924  50.104 (  3)  2  3  0   57   89    4  2  0   91   69
  6 Philadelphia          6  5  0  231  220  50.493  50.073 (  4)  3  2  0  100   92    3  3  0  131  128
  7 Pittsburgh            5  5  1  136  117  49.616  49.309 ( 10)  4  1  0   68   45    1  4  1   68   72
  8 Washington            5  5  1  171  191  49.451  49.617 (  9)  3  2  1  103  106    2  3  0   68   85
  9 Boston                2  8  1  189  273  45.921  50.008 (  5)  1  5  0   81  153    1  3  1  108  120
 10 Detroit               1 10  0  142  310  44.115  50.926 (  1)  1  5  0   85  172    0  5  0   57  138
