                                     Overall                             Home                 Away
Rnk Team                  W  L  T   PF   PA    RATE     SOS        W  L  T   PF   PA    W  L  T   PF   PA
--- ----                  -  -  -   --   --  ------  ------        -  -  -   --   --    -  -  -   --   --
  1 Miami                15  2  0  428  183  57.114  50.183 ( 12)  9  0  0  285  115    5  2  0  119   61
  2 Minnesota            14  3  0  357  222  55.419  50.267 (  9)  8  0  0  185   92    6  2  0  165  106
  3 LA Rams              12  3  0  404  205  55.138  49.491 ( 20)  7  0  0  222   81    5  3  0  182  124
  4 Dallas               11  5  0  419  246  53.911  50.323 (  6)  7  2  0  270  125    4  3  0  149  121
  5 Pittsburgh           10  5  0  361  233  53.282  49.907 ( 18)  6  1  0  182   96    4  4  0  179  137
  6 Oakland              10  5  1  335  206  53.072  50.131 ( 14)  6  2  0  184   76    4  3  1  151  130
  7 Cincinnati           10  5  0  292  265  52.454  50.098 ( 15)  6  1  0  146   78    4  4  0  146  187
  8 Washington           10  5  0  345  225  52.115  49.160 ( 25)  7  0  0  203   87    3  5  0  142  138
  9 Atlanta               9  5  0  318  224  51.413  49.555 ( 19)  4  3  0  120  105    5  2  0  198  119
 10 Cleveland             7  5  2  234  255  51.129  50.310 (  7)  4  2  1  141  120    3  3  1   93  135
 11 Buffalo               9  5  0  259  230  50.839  49.296 ( 22)  5  2  0  140  106    4  3  0  119  124
 12 Kansas City           7  5  2  231  192  50.591  49.236 ( 24)  5  1  1  155   87    2  4  1   76  105
 13 Denver                7  5  2  344  296  50.408  49.251 ( 23)  3  3  1  153  153    4  2  1  191  143
 14 Detroit               6  7  1  271  247  49.628  50.139 ( 13)  4  3  0  171  105    2  4  1  100  142
 15 San Francisco         5  9  0  262  319  49.276  51.588 (  1)  3  4  0  148  145    2  5  0  114  174
 16 Philadelphia          5  8  1  310  393  47.975  49.927 ( 16)  4  3  0  155  184    1  5  1  155  209
 17 Green Bay             5  7  2  202  259  47.771  49.303 ( 21)  3  2  2  125  123    2  5  0   77  136
 18 New Orleans           5  9  0  163  312  47.707  50.231 ( 11)  5  2  0  109  128    0  7  0   54  184
 19 St Louis              4  9  1  286  365  47.626  50.272 (  8)  2  4  1  139  165    2  5  0  147  200
 20 NY Jets               4 10  0  240  306  47.148  50.364 (  5)  2  5  0  108  183    2  5  0  132  123
 21 New England           5  9  0  258  300  46.527  48.734 ( 26)  3  4  0  134  158    2  5  0  124  142
 22 Baltimore             4 10  0  226  341  46.417  49.922 ( 17)  3  4  0  123  149    1  6  0  103  192
 23 San Diego             2 11  1  188  386  45.590  50.972 (  2)  2  5  0   95  174    0  6  1   93  212
 24 NY Giants             2 11  1  226  362  45.526  50.556 (  3)  2  4  1  115  141    0  7  0  111  221
 25 Chicago               3 11  0  195  334  45.308  50.238 ( 10)  1  6  0   82  146    2  5  0  113  188
 26 Houston               1 13  0  199  447  42.004  50.480 (  4)  0  7  0   96  214    1  6  0  103  233
