                                     Overall                             Home                 Away
Rnk Team                  W  L  T   PF   PA    RATE     SOS        W  L  T   PF   PA    W  L  T   PF   PA
--- ----                  -  -  -   --   --  ------  ------        -  -  -   --   --    -  -  -   --   --
  1 Oakland              16  1  0  430  279  58.210  50.879 (  6)  9  0  0  245  122    6  1  0  153  143
  2 Pittsburgh           11  5  0  389  176  55.850  51.385 (  1)  6  1  0  192   69    5  4  0  197  107
  3 Cincinnati           10  4  0  335  210  54.963  50.665 (  8)  6  1  0  141   66    4  3  0  194  144
  4 Minnesota            13  3  1  378  241  54.859  50.063 ( 13)  8  0  1  208  128    5  2  0  156   81
  5 New England          11  4  0  397  260  53.706  49.182 ( 23)  6  1  0  217   95    5  3  0  180  165
  6 Baltimore            11  4  0  431  286  53.373  48.847 ( 27)  6  2  0  255  169    5  2  0  176  117
  7 LA Rams              11  4  1  378  226  53.261  49.672 ( 16)  5  2  0  209   88    6  2  1  169  138
  8 Dallas               11  4  0  308  208  52.744  48.778 ( 28)  6  2  0  159  123    5  2  0  149   85
  9 Denver                9  5  0  315  206  52.738  50.239 ( 12)  6  1  0  205   75    3  4  0  110  131
 10 St Louis             10  4  0  309  267  52.244  49.578 ( 18)  6  1  0  151  105    4  3  0  158  162
 11 Washington           10  5  0  311  252  51.785  49.231 ( 22)  5  2  0  151   94    5  3  0  160  158
 12 Cleveland             9  5  0  267  287  51.500  49.637 ( 17)  6  1  0  155  121    3  4  0  112  166
 13 Chicago               7  7  0  253  216  51.336  50.836 (  7)  4  3  0  122  102    3  4  0  131  114
 14 San Francisco         8  6  0  270  190  50.795  48.982 ( 26)  4  3  0  121   91    4  3  0  149   99
 15 San Diego             6  8  0  248  285  49.884  50.995 (  3)  3  4  0  144  162    3  4  0  104  123
 16 Houston               5  9  0  222  273  49.096  50.934 (  4)  3  4  0   84  100    2  5  0  138  173
 17 Detroit               6  8  0  262  220  49.070  49.434 ( 19)  5  2  0  148   80    1  6  0  114  140
 18 Miami                 6  8  0  263  264  48.764  49.375 ( 21)  3  4  0  139  127    3  4  0  124  137
 19 Kansas City           5  9  0  290  376  48.644  50.915 (  5)  1  6  0  143  202    4  3  0  147  174
 20 Green Bay             5  9  0  218  299  47.798  50.612 (  9)  4  3  0  145  133    1  6  0   73  166
 21 NY Giants             3 11  0  170  250  46.866  51.108 (  2)  3  4  0   92  113    0  7  0   78  137
 22 Philadelphia          4 10  0  165  286  46.719  50.597 ( 10)  2  5  0  104  153    2  5  0   61  133
 23 New Orleans           4 10  0  253  346  46.394  49.907 ( 15)  2  5  0  105  154    2  5  0  148  192
 24 Atlanta               4 10  0  172  312  45.961  49.422 ( 20)  3  4  0  125  134    1  6  0   47  178
 25 NY Jets               3 11  0  169  383  43.864  49.909 ( 14)  2  5  0  101  178    1  6  0   68  205
 26 Buffalo               2 12  0  245  363  43.361  49.099 ( 25)  1  6  0  136  170    1  6  0  109  193
 27 Seattle               2 12  0  229  429  42.751  49.169 ( 24)  1  6  0  136  234    1  6  0   93  195
 28 Tampa Bay             0 14  0  125  412  38.530  50.479 ( 11)  0  7  0   79  156    0  7  0   46  256
