                                     Overall                             Home                 Away
Rnk Team                  W  L  T   PF   PA    RATE     SOS        W  L  T   PF   PA    W  L  T   PF   PA
--- ----                  -  -  -   --   --  ------  ------        -  -  -   --   --    -  -  -   --   --
  1 St. Louis            16  3  0  594  334  55.869  50.132 ( 14)  8  3  0  344  201    8  0  0  250  133
  2 Pittsburgh           14  4  0  396  246  53.760  49.484 ( 27)  8  2  0  238  112    6  2  0  158  134
  3 Chicago              13  4  0  357  236  53.515  49.648 ( 23)  7  2  0  205  154    6  2  0  152   82
  4 New England          14  5  0  431  319  53.229  49.942 ( 17)  7  2  0  211  143    7  3  0  220  176
  5 Green Bay            13  5  0  432  326  53.054  49.676 ( 22)  8  1  0  233  114    5  4  0  199  212
  6 Philadelphia         13  6  0  431  265  53.037  49.990 ( 16)  5  4  0  217  153    8  2  0  214  112
  7 San Francisco        12  5  0  424  307  53.007  49.691 ( 21)  7  1  0  184  100    5  4  0  240  207
  8 Baltimore            11  7  0  333  295  52.053  50.505 (  6)  6  2  0  173  113    5  5  0  160  182
  9 Miami                11  6  0  347  310  51.861  50.097 ( 15)  7  2  0  191  112    4  4  0  156  198
 10 Oakland              11  7  0  450  367  51.300  49.587 ( 25)  6  3  0  267  208    5  4  0  183  159
 11 New York Jets        10  7  0  332  333  51.280  50.235 ( 12)  3  5  0  143  167    7  2  0  189  166
 12 Tampa Bay             9  8  0  333  311  51.044  50.561 (  5)  5  3  0  187  128    4  5  0  146  183
 13 Cleveland             7  9  0  285  319  49.516  50.464 (  7)  4  4  0  129  114    3  5  0  156  205
 14 Seattle               9  7  0  301  324  49.504  49.217 ( 30)  6  2  0  178  145    3  5  0  123  179
 15 Denver                8  8  0  340  339  49.498  49.515 ( 26)  6  2  0  174  123    2  6  0  166  216
 16 Tennessee             7  9  0  336  388  49.299  50.342 (  8)  3  5  0  201  217    4  4  0  135  171
 17 Jacksonville          6 10  0  294  286  49.130  50.194 ( 13)  3  5  0  156  140    3  5  0  138  146
 18 New York Giants       7  9  0  294  321  49.065  49.808 ( 20)  5  3  0  159  155    2  6  0  135  166
 19 Indianapolis          6 10  0  413  486  49.000  50.715 (  3)  3  5  0  220  220    3  5  0  193  266
 20 Washington            8  8  0  256  303  48.917  49.251 ( 29)  4  4  0  147  171    4  4  0  109  132
 21 Atlanta               7  9  0  291  377  48.825  50.277 ( 11)  3  5  0  137  214    4  4  0  154  163
 22 New Orleans           7  9  0  333  409  48.735  49.939 ( 18)  3  5  0  142  206    4  4  0  191  203
 23 Cincinnati            6 10  0  226  309  48.328  50.597 (  4)  4  4  0  124  138    2  6  0  102  171
 24 Kansas City           6 10  0  320  344  48.230  49.864 ( 19)  3  5  0  147  165    3  5  0  173  179
 25 Arizona               7  9  0  295  343  47.747  49.032 ( 31)  3  5  0  144  194    4  4  0  151  149
 26 San Diego             5 11  0  332  321  47.640  49.403 ( 28)  4  4  0  177  134    1  7  0  155  187
 27 Minnesota             5 11  0  290  390  47.296  50.317 ( 10)  5  3  0  178  165    0  8  0  112  225
 28 Dallas                5 11  0  246  338  47.019  49.605 ( 24)  4  4  0  127  148    1  7  0  119  190
 29 Buffalo               3 13  0  265  420  45.590  50.340 (  9)  1  7  0  140  209    2  6  0  125  211
 30 Detroit               2 14  0  270  424  45.336  50.898 (  1)  2  6  0  137  200    0  8  0  133  224
 31 Carolina              1 15  0  253  410  44.101  50.740 (  2)  0  8  0  118  209    1  7  0  135  201
