                                     Overall                             Home                 Away
Rnk Team                  W  L  T   PF   PA    RATE     SOS        W  L  T   PF   PA    W  L  T   PF   PA
--- ----                  -  -  -   --   --  ------  ------        -  -  -   --   --    -  -  -   --   --
  1 Baltimore            10  3  0  404  220  55.013  50.203 (  5)  6  0  0  239   97    4  3  0  165  123
  2 Chicago               8  4  0  298  230  52.992  50.076 (  7)  5  1  0  134   73    3  3  0  164  157
  3 NY Giants            10  4  0  273  206  52.745  49.601 (  8)  7  2  0  178  100    3  2  0   95  106
  4 LA Rams               8  4  0  344  278  52.667  50.221 (  4)  4  2  0  212  161    4  2  0  132  117
  5 Cleveland             9  4  0  302  227  51.945  49.189 ( 11)  4  2  0  138  117    5  2  0  164  110
  6 Pittsburgh            7  4  1  261  230  50.862  49.104 ( 12)  5  1  0  153  105    2  3  1  108  125
  7 San Francisco         6  6  0  257  324  49.918  50.491 (  3)  4  2  0  133  134    2  4  0  124  190
  8 Detroit               4  7  1  261  276  49.883  51.233 (  1)  2  4  0  125  156    2  3  1  136  120
  9 Washington            4  7  1  214  268  47.309  49.410 (  9)  3  2  1  140  107    1  5  0   74  161
 10 Chicago Cardinals     2  9  1  261  356  46.169  50.115 (  6)  1  3  1  116  116    1  6  0  145  240
 11 Philadelphia          2  9  1  235  306  44.999  49.370 ( 10)  2  4  0  152  151    0  5  1   83  155
 12 Green Bay             1 10  1  193  382  44.461  51.104 (  2)  1  4  1  107  159    0  6  0   86  223
