                                     Overall                             Home                 Away
Rnk Team                  W  L  T   PF   PA    RATE     SOS        W  L  T   PF   PA    W  L  T   PF   PA
--- ----                  -  -  -   --   --  ------  ------        -  -  -   --   --    -  -  -   --   --
  1 San Francisco        16  3  0  449  322  54.811  50.094 ( 11)  9  1  0  254  158    6  2  0  169  143
  2 Dallas               13  5  0  432  305  53.849  50.328 (  8)  9  0  0  225  114    4  5  0  207  191
  3 Cincinnati           14  5  0  497  358  53.066  49.758 ( 22)  8  2  0  259  173    6  2  0  217  159
  4 Miami                11  5  1  383  316  52.030  49.200 ( 27)  6  2  1  206  162    5  3  0  177  154
  5 Philadelphia         10  7  0  389  248  51.946  49.927 ( 17)  6  3  0  206  116    4  4  0  183  132
  6 NY Giants            10  8  0  346  316  51.673  50.837 (  1)  4  4  0  135  145    6  4  0  211  171
  7 San Diego            11  7  0  526  455  51.421  49.852 ( 20)  5  3  0  206  181    6  4  0  320  274
  8 Denver               10  6  0  321  289  51.212  49.542 ( 26)  8  0  0  187  125    2  6  0  134  164
  9 Buffalo              11  7  0  363  331  51.173  49.744 ( 23)  7  1  0  171  109    4  6  0  192  222
 10 NY Jets              10  6  1  382  318  50.891  48.977 ( 28)  6  3  0  223  154    4  3  1  159  164
 11 Detroit               8  8  0  397  322  50.876  50.304 (  9)  7  1  0  235  122    1  7  0  162  200
 12 Kansas City           9  7  0  343  290  50.780  49.666 ( 24)  5  3  0  188  122    4  4  0  155  168
 13 Washington            8  8  0  347  349  50.368  50.483 (  3)  5  3  0  186  174    3  5  0  161  175
 14 Tampa Bay             9  8  0  315  306  50.336  49.949 ( 15)  6  2  0  180  117    3  6  0  135  189
 15 Pittsburgh            8  8  0  356  297  50.205  49.571 ( 25)  5  3  0  185  122    3  5  0  171  175
 16 Atlanta               7  9  0  426  355  49.883  49.973 ( 14)  4  4  0  240  195    3  5  0  186  160
 17 Green Bay             8  8  0  324  361  49.599  50.003 ( 12)  4  4  0  155  177    4  4  0  169  184
 18 Minnesota             7  9  0  325  369  49.032  49.868 ( 19)  5  3  0  169  169    2  6  0  156  200
 19 St Louis              7  9  0  315  408  48.933  50.194 ( 10)  5  3  0  171  159    2  6  0  144  249
 20 Chicago               6 10  0  253  324  48.644  50.583 (  2)  4  4  0  123  154    2  6  0  130  170
 21 Oakland               7  9  0  273  343  48.634  49.934 ( 16)  4  4  0  139  193    3  5  0  134  150
 22 Seattle               6 10  0  322  388  48.597  50.380 (  6)  5  3  0  195  182    1  7  0  127  206
 23 LA Rams               6 10  0  303  351  48.574  50.355 (  7)  4  4  0  174  179    2  6  0  129  172
 24 Houston               7  9  0  281  355  48.508  49.783 ( 21)  5  3  0  168  150    2  6  0  113  205
 25 Cleveland             5 11  0  276  375  47.160  49.988 ( 13)  3  5  0  151  202    2  6  0  125  173
 26 New Orleans           4 12  0  207  378  46.169  50.437 (  4)  2  6  0  108  203    2  6  0   99  175
 27 New England           2 14  0  322  370  45.299  49.903 ( 18)  2  6  0  183  184    0  8  0  139  186
 28 Baltimore             2 14  0  259  533  43.515  50.421 (  5)  1  7  0  138  284    1  7  0  121  249
