                                     Overall                             Home                 Away
Rnk Team                  W  L  T   PF   PA    RATE     SOS        W  L  T   PF   PA    W  L  T   PF   PA
--- ----                  -  -  -   --   --  ------  ------        -  -  -   --   --    -  -  -   --   --
  1 Minnesota            12  3  0  349  160  55.923  50.424 (  9)  7  1  0  184   79    5  2  0  165   81
  2 Detroit              10  5  0  347  207  54.598  51.501 (  4)  6  1  0  175   71    4  4  0  172  136
  3 Dallas               12  5  0  334  247  54.113  51.014 (  7)  7  1  0  169   78    5  3  0  152  153
  4 San Francisco        11  4  1  379  298  53.393  50.381 ( 10)  5  2  1  172  159    6  2  0  207  139
  5 Baltimore            14  2  1  381  264  53.340  48.111 ( 25)  7  1  1  232  131    6  1  0  133  120
  6 LA Rams               9  4  1  325  202  53.260  49.986 ( 14)  3  3  1  164  128    6  1  0  161   74
  7 St Louis              8  5  1  325  228  52.214  50.177 ( 11)  6  1  0  186   89    2  4  1  139  139
  8 NY Giants             9  5  0  301  270  51.510  49.522 ( 18)  5  2  0  162  154    4  3  0  139  116
  9 Oakland               9  5  2  338  334  51.384  50.097 ( 13)  7  1  0  191  152    2  4  2  147  182
 10 Washington            6  8  0  297  314  51.078  51.659 (  2)  4  3  0  158  134    2  5  0  139  180
 11 Kansas City           7  5  2  272  244  50.931  49.886 ( 15)  4  1  2  128   83    3  4  0  144  161
 12 Chicago               6  8  0  256  261  50.280  51.078 (  6)  3  4  0  119  143    3  4  0  137  118
 13 Miami                10  5  0  311  249  50.222  47.676 ( 26)  6  1  0  173  105    4  4  0  138  144
 14 Green Bay             6  8  0  196  293  50.087  51.962 (  1)  4  3  0  121  154    2  5  0   75  139
 15 Cleveland             7  7  0  286  265  49.631  49.387 ( 19)  4  3  0  140  143    3  4  0  146  122
 16 San Diego             5  6  3  282  278  49.564  49.699 ( 17)  2  3  2  161  147    3  3  1  121  131
 17 Cincinnati            8  7  0  312  272  49.081  48.588 ( 23)  5  2  0  182   98    3  5  0  130  174
 18 Atlanta               4  8  2  206  261  48.277  50.533 (  8)  3  4  0  115  147    1  4  2   91  114
 19 Denver                5  8  1  253  264  48.046  49.219 ( 21)  3  3  1  118  123    2  5  0  135  141
 20 Philadelphia          3 10  1  241  332  47.561  51.171 (  5)  3  3  1  138  155    0  7  0  103  177
 21 NY Jets               4 10  0  255  286  46.548  49.301 ( 20)  2  5  0   94  108    2  5  0  161  178
 22 Pittsburgh            5  9  0  210  272  46.364  48.383 ( 24)  4  3  0  126  116    1  6  0   84  156
 23 Houston               3 10  1  217  352  46.328  50.141 ( 12)  1  6  0  114  153    2  4  1  103  199
 24 New Orleans           2 11  1  172  347  45.781  51.553 (  3)  2  5  0   89  164    0  6  1   83  183
 25 Buffalo               3 10  1  204  337  44.454  48.919 ( 22)  1  6  0   96  185    2  4  1  108  152
 26 Boston                2 12  0  149  361  43.053  49.882 ( 16)  1  6  0   92  171    1  6  0   57  190
