                                     Overall                             Home                 Away
Rnk Team                  W  L  T   PF   PA    RATE     SOS        W  L  T   PF   PA    W  L  T   PF   PA
--- ----                  -  -  -   --   --  ------  ------        -  -  -   --   --    -  -  -   --   --
  1 Chicago               9  1  1  344  178  55.796  49.005 (  8)  6  0  0  198   84    3  1  1  146   94
  2 Green Bay             7  2  1  264  172  53.764  49.028 (  7)  2  1  1   98   82    5  1  0  166   90
  3 Washington            7  4  1  278  178  52.838  49.994 (  4)  4  2  0  124   92    3  2  1  154   86
  4 NY Giants             6  4  1  197  198  51.501  49.831 (  5)  4  3  0  132  163    2  1  1   65   35
  5 Phil-Pitt             5  4  1  225  230  50.693  49.691 (  6)  4  1  1  156  113    1  3  0   69  117
  6 Detroit               3  6  1  178  218  48.109  50.159 (  3)  2  2  1   89   71    0  4  0   82  147
  7 Brooklyn              2  8  0   65  234  44.567  50.917 (  2)  2  3  0   37  106    0  5  0   28  128
  8 Chicago Cardinals     0 10  0   95  238  41.435  51.494 (  1)  0  2  0   31   63    0  7  0   64  168
