                                     Overall                             Home                 Away
Rnk Team                  W  L  T   PF   PA    RATE     SOS        W  L  T   PF   PA    W  L  T   PF   PA
--- ----                  -  -  -   --   --  ------  ------        -  -  -   --   --    -  -  -   --   --
  1 Philadelphia         11  2  0  338  259  55.022  50.033 (  6)  6  1  0  184  134    5  1  0  154  125
  2 Cleveland             8  3  1  362  217  53.689  49.932 (  7)  4  2  0  167  111    4  1  1  195  106
  3 Green Bay             8  5  0  345  226  51.844  49.423 ( 11)  4  2  0  190  101    4  3  0  155  125
  4 NY Giants             6  4  2  271  261  51.648  50.413 (  4)  1  3  2  139  164    5  1  0  132   97
  5 St Louis              6  5  1  288  230  51.355  50.276 (  5)  3  2  1  131   96    3  3  0  157  134
  6 Detroit               7  5  0  239  212  50.733  49.543 ( 10)  5  1  0  134   65    2  4  0  105  147
  7 San Francisco         7  5  0  208  205  50.349  49.325 ( 12)  3  3  0   91   84    4  2  0  117  121
  8 Pittsburgh            5  6  1  240  275  50.211  50.777 (  2)  4  2  0  120   93    1  4  1  120  182
  9 Baltimore             6  6  0  288  234  49.448  48.981 ( 13)  4  2  0  168   98    2  4  0  120  136
 10 Chicago               5  6  1  194  299  48.665  49.776 (  8)  4  2  0  139  116    1  4  1   55  183
 11 LA Rams               4  7  1  265  297  48.124  49.672 (  9)  2  3  1  131  163    2  4  0  134  134
 12 Washington            1  9  2  178  309  45.711  51.327 (  1)  1  4  1  108  153    0  5  1   70  156
 13 Dallas                0 11  1  177  369  42.629  50.567 (  3)  0  6  0   94  219    0  5  1   83  150
