                                     Overall                             Home                 Away
Rnk Team                  W  L  T   PF   PA    RATE     SOS        W  L  T   PF   PA    W  L  T   PF   PA
--- ----                  -  -  -   --   --  ------  ------        -  -  -   --   --    -  -  -   --   --
  1 Green Bay            13  2  0  369  190  55.961  49.949 (  8)  6  1  0  177   66    7  1  0  192  124
  2 Dallas               10  4  1  472  273  53.280  49.436 ( 13)  6  2  0  303  151    4  2  1  169  122
  3 Cleveland             9  5  0  403  259  52.543  49.587 ( 12)  5  2  0  209  136    4  3  0  194  123
  4 Baltimore             9  5  0  314  226  52.204  50.035 (  7)  5  2  0  176  108    4  3  0  138  118
  5 LA Rams               8  6  0  289  212  51.216  49.777 (  9)  5  2  0  190   87    3  4  0   99  125
  6 Philadelphia          9  5  0  326  340  50.927  49.399 ( 14)  5  2  0  165  162    4  3  0  161  178
  7 St Louis              8  5  1  264  265  50.543  49.394 ( 15)  5  1  1  113  107    3  4  0  151  158
  8 San Francisco         6  6  2  320  325  50.104  50.433 (  5)  4  2  1  178  156    2  4  1  142  169
  9 Washington            7  7  0  351  355  49.551  49.746 ( 10)  4  3  0  227  197    3  4  0  124  158
 10 Chicago               5  7  2  234  272  49.260  50.526 (  3)  4  1  2  148  118    1  6  0   86  154
 11 Minnesota             4  9  1  292  304  48.796  50.788 (  1)  2  5  0  156  141    2  4  1  136  163
 12 Pittsburgh            5  8  1  316  347  48.296  49.594 ( 11)  3  3  1  145  136    2  5  0  171  211
 13 Detroit               4  9  1  206  317  47.565  50.608 (  2)  3  4  0  106  141    1  5  1  100  176
 14 Atlanta               3 11  0  204  437  45.131  50.301 (  6)  1  6  0  108  245    2  5  0   96  192
 15 NY Giants             1 12  1  263  501  43.964  50.473 (  4)  1  6  0   91  180    0  6  1  172  321
