                                     Overall                             Home                 Away
Rnk Team                  W  L  T   PF   PA    RATE     SOS        W  L  T   PF   PA    W  L  T   PF   PA
--- ----                  -  -  -   --   --  ------  ------        -  -  -   --   --    -  -  -   --   --
  1 Detroit              11  3  0  392  220  54.865  50.070 (  6)  7  1  0  249  135    4  2  0  143   85
  2 LA Rams               9  4  0  370  265  53.554  50.230 (  4)  5  1  0  195   94    4  3  0  175  171
  3 Cleveland             8  5  0  317  230  51.924  50.244 (  3)  4  3  0  149  125    4  2  0  168  105
  4 San Francisco         7  5  0  285  221  51.556  49.859 (  9)  3  3  0  134  116    4  2  0  151  105
  5 NY Giants             7  5  0  234  231  50.337  49.039 ( 11)  2  4  0  113  130    5  1  0  121  101
  6 Green Bay             6  6  0  295  312  50.159  49.986 (  7)  3  3  0  148  150    3  3  0  147  162
  7 Philadelphia          7  5  0  252  271  49.723  48.978 ( 12)  4  2  0  126  149    3  3  0  126  122
  8 Pittsburgh            5  7  0  300  273  49.589  50.350 (  2)  2  4  0  155  132    3  3  0  145  141
  9 Chicago               5  7  0  245  326  48.450  50.130 (  5)  3  3  0  140  171    2  3  0   82  128
 10 Washington            4  8  0  240  287  47.928  49.967 (  8)  1  5  0  107  147    3  3  0  133  140
 11 Chicago Cardinals     4  8  0  172  221  47.369  49.659 ( 10)  2  4  0   90  127    2  4  0   82   94
 12 Dallas                1 11  0  182  427  43.278  51.436 (  1)  0  4  0   40  112    0  7  0  115  292
