                                     Overall                             Home                 Away
Rnk Team                  W  L  T   PF   PA    RATE     SOS        W  L  T   PF   PA    W  L  T   PF   PA
--- ----                  -  -  -   --   --  ------  ------        -  -  -   --   --    -  -  -   --   --
  1 Green Bay            12  3  1  352  246  56.650  52.382 (  7)  8  1  0  156  100    4  2  1  196  146
  2 Baltimore            10  4  1  399  297  55.956  52.874 (  4)  5  2  0  189  146    5  2  1  210  151
  3 Chicago               9  5  0  409  275  55.733  52.666 (  6)  5  2  0  233  109    4  3  0  176  166
  4 San Francisco         7  6  1  421  402  53.645  52.762 (  5)  4  2  1  219  182    3  4  0  202  220
  5 Minnesota             7  7  0  383  403  53.397  53.318 (  2)  2  5  0  188  227    5  2  0  195  176
  6 Detroit               6  7  1  257  295  52.564  53.089 (  3)  2  4  1  117  138    4  3  0  140  157
  7 LA Rams               4 10  0  269  328  50.849  53.604 (  1)  3  4  0  173  179    1  6  0   96  149
  8 Cleveland            11  4  0  375  348  49.510  46.774 ( 14)  5  2  0  173  183    6  2  0  202  165
  9 Dallas                7  7  0  325  280  47.001  46.859 ( 13)  5  2  0  189  129    2  5  0  136  151
 10 NY Giants             7  7  0  270  338  46.149  46.897 ( 11)  3  4  0  139  181    4  3  0  131  157
 11 Washington            6  8  0  257  301  45.443  46.955 ( 10)  3  4  0  132  185    3  4  0  125  116
 12 Philadelphia          5  9  0  363  359  45.345  46.969 (  9)  2  5  0  147  168    3  4  0  216  191
 13 St Louis              5  9  0  296  309  45.057  46.871 ( 12)  2  5  0  127  164    3  4  0  169  145
 14 Pittsburgh            2 12  0  202  397  41.360  47.665 (  8)  1  6  0   88  217    1  6  0  114  180
