                                     Overall                             Home                 Away
Rnk Team                  W  L  T   PF   PA    RATE     SOS        W  L  T   PF   PA    W  L  T   PF   PA
--- ----                  -  -  -   --   --  ------  ------        -  -  -   --   --    -  -  -   --   --
  1 New England          18  1  0  655  323  58.666  50.233 ( 18) 10  0  0  327  135    8  0  0  314  171
  2 Dallas               13  4  0  472  346  55.028  50.986 (  7)  6  3  0  253  188    7  1  0  219  158
  3 Green Bay            14  4  0  497  334  54.872  50.575 ( 12)  8  2  0  283  158    6  2  0  214  176
  4 Indianapolis         13  4  0  474  290  54.812  50.336 ( 17)  6  3  0  245  162    7  1  0  229  128
  5 New York Giants      14  6  0  458  416  54.363  51.539 (  2)  3  5  0  179  209   10  1  0  262  193
  6 San Diego            13  6  0  469  335  54.193  51.071 (  6)  8  1  0  239  115    5  5  0  230  220
  7 Jacksonville         12  6  0  462  364  52.983  50.487 ( 14)  6  2  0  213  114    6  4  0  249  250
  8 Washington            9  8  0  348  345  52.055  51.450 (  3)  5  3  0  180  131    4  5  0  168  214
  9 Philadelphia          8  8  0  336  300  51.943  51.596 (  1)  3  5  0  172  158    5  3  0  164  142
 10 Minnesota             8  8  0  365  311  51.246  50.721 (  8)  5  3  0  203  143    3  5  0  162  168
 11 Tennessee            10  7  0  307  314  51.078  50.134 ( 19)  5  3  0  141  128    5  4  0  166  186
 12 Chicago               7  9  0  334  348  50.530  51.339 (  4)  4  4  0  189  181    3  5  0  145  167
 13 Pittsburgh           10  7  0  422  300  50.439  48.506 ( 27)  7  2  0  231  124    3  5  0  191  176
 14 Seattle              11  7  0  448  347  50.219  48.150 ( 30)  8  1  0  252  125    3  6  0  196  222
 15 Detroit               7  9  0  356  444  50.177  51.328 (  5)  5  3  0  222  168    2  6  0  134  276
 16 Houston               8  8  0  379  384  50.081  49.953 ( 20)  6  2  0  226  155    2  6  0  153  229
 17 Tampa Bay             9  8  0  348  294  49.967  49.138 ( 24)  6  3  0  201  132    3  5  0  147  162
 18 Cleveland            10  6  0  402  382  49.395  48.024 ( 31)  7  1  0  214  177    3  5  0  188  205
 19 Denver                7  9  0  320  409  49.223  50.638 ( 10)  5  3  0  181  177    2  6  0  139  232
 20 Buffalo               7  9  0  252  354  48.729  50.373 ( 16)  4  4  0  176  200    3  5  0   76  154
 21 New Orleans           7  9  0  379  388  48.368  49.026 ( 25)  3  5  0  196  213    4  4  0  183  175
 22 Carolina              7  9  0  267  347  48.016  49.534 ( 22)  2  6  0  111  180    5  3  0  156  167
 23 Arizona               8  8  0  404  399  47.736  47.781 ( 32)  6  2  0  221  184    2  6  0  183  215
 24 Cincinnati            7  9  0  380  385  47.508  48.313 ( 29)  5  3  0  191  174    2  6  0  189  211
 25 Oakland               4 12  0  283  398  46.791  50.554 ( 13)  2  6  0  145  184    2  6  0  138  214
 26 Kansas City           4 12  0  226  345  46.649  50.624 ( 11)  2  6  0  124  177    2  6  0  102  168
 27 New York Jets         4 12  0  268  355  46.281  50.399 ( 15)  3  5  0  127  168    1  7  0  141  187
 28 Baltimore             5 11  0  275  384  46.015  49.204 ( 23)  4  4  0  176  185    1  7  0   99  199
 29 Atlanta               4 12  0  259  414  45.340  49.601 ( 21)  3  5  0  154  227    1  7  0  105  187
 30 San Francisco         5 11  0  219  364  44.796  48.360 ( 28)  3  5  0   97  152    2  6  0  122  212
 31 St. Louis             3 13  0  263  438  43.595  48.778 ( 26)  1  7  0  165  219    2  6  0   98  219
 32 Miami                 1 15  0  267  437  43.560  50.686 (  9)  1  7  0  145  241    0  8  0  122  196
