                                     Overall                             Home                 Away
Rnk Team                  W  L  T   PF   PA    RATE     SOS        W  L  T   PF   PA    W  L  T   PF   PA
--- ----                  -  -  -   --   --  ------  ------        -  -  -   --   --    -  -  -   --   --
  1 Oakland              15  5  0  466  362  54.319  51.022 (  2)  7  2  0  205  146    7  3  0  234  206
  2 Philadelphia         14  5  0  445  272  54.054  49.868 ( 18)  9  1  0  215  100    5  3  0  220  145
  3 San Diego            12  6  0  465  375  53.541  50.978 (  4)  7  3  0  247  184    5  3  0  218  191
  4 Dallas               14  5  0  525  371  53.452  49.890 ( 17)  9  0  0  318  143    5  5  0  207  228
  5 Atlanta              12  5  0  432  302  52.419  49.139 ( 25)  6  3  0  211  148    6  2  0  221  154
  6 Buffalo              11  6  0  334  280  52.266  50.099 ( 13)  6  2  0  156  104    5  4  0  178  176
  7 New England          10  6  0  441  325  51.823  49.568 ( 20)  6  2  0  231  129    4  4  0  210  196
  8 Houston              11  6  0  302  278  51.720  49.912 ( 16)  6  2  0  149  126    5  4  0  153  152
  9 Cleveland            11  6  0  369  324  51.662  49.919 ( 15)  6  3  0  183  151    5  3  0  186  173
 10 Pittsburgh            9  7  0  352  313  51.405  50.452 (  7)  6  2  0  201  141    3  5  0  151  172
 11 LA Rams              11  6  0  437  323  51.288  48.843 ( 27)  6  2  0  274  198    5  4  0  163  125
 12 Denver                8  8  0  310  323  50.788  51.018 (  3)  4  4  0  195  178    4  4  0  115  145
 13 Kansas City           8  8  0  319  336  50.432  50.806 (  5)  3  5  0  139  170    5  3  0  180  166
 14 Miami                 8  8  0  266  305  49.839  50.187 ( 10)  5  3  0  146  153    3  5  0  120  152
 15 Detroit               9  7  0  334  272  49.817  48.384 ( 28)  6  2  0  165   90    3  5  0  169  182
 16 Minnesota             9  8  0  333  339  49.590  49.523 ( 22)  5  3  0  174  173    4  5  0  159  166
 17 Baltimore             7  9  0  355  387  49.419  50.206 (  9)  2  6  0  180  209    5  3  0  175  178
 18 Chicago               7  9  0  304  264  48.904  49.326 ( 24)  5  3  0  199   99    2  6  0  105  165
 19 Cincinnati            6 10  0  244  312  48.870  50.769 (  6)  3  5  0  138  163    3  5  0  106  149
 20 Washington            6 10  0  261  293  48.321  50.100 ( 12)  4  4  0  118  138    2  6  0  143  155
 21 Seattle               4 12  0  291  408  48.023  51.363 (  1)  0  8  0  152  227    4  4  0  139  181
 22 Tampa Bay             5 10  1  271  341  47.281  49.508 ( 23)  2  5  1  135  153    3  5  0  136  188
 23 St Louis              5 11  0  299  350  47.245  49.782 ( 19)  2  6  0  167  211    3  5  0  132  139
 24 San Francisco         6 10  0  320  415  47.150  49.072 ( 26)  4  4  0  165  166    2  6  0  155  249
 25 Green Bay             5 10  1  231  371  47.132  49.527 ( 21)  4  4  0   99  133    1  6  1  132  238
 26 NY Jets               4 12  0  302  395  46.929  50.180 ( 11)  2  6  0  161  196    2  6  0  141  199
 27 NY Giants             4 12  0  249  425  45.696  50.354 (  8)  2  6  0  142  208    2  6  0  107  217
 28 New Orleans           1 15  0  291  487  43.128  50.031 ( 14)  0  8  0  145  264    1  7  0  146  223
