                                     Overall                             Home                 Away
Rnk Team                  W  L  T   PF   PA    RATE     SOS        W  L  T   PF   PA    W  L  T   PF   PA
--- ----                  -  -  -   --   --  ------  ------        -  -  -   --   --    -  -  -   --   --
  1 Chicago Cardinals    10  3  0  334  252  53.893  50.026 (  5)  6  0  0  169   86    4  3  0  165  166
  2 Chicago               8  4  0  363  241  53.038  50.384 (  4)  4  2  0  177  102    4  2  0  186  139
  3 Philadelphia          9  5  0  350  270  52.135  49.589 (  9)  5  1  0  161  108    4  4  0  189  162
  4 Green Bay             6  5  1  274  210  51.719  50.462 (  3)  4  2  0  134   93    2  3  1  140  117
  5 LA Rams               6  6  0  259  214  50.997  50.589 (  2)  3  3  0  136  132    3  3  0  123   82
  6 Pittsburgh            8  5  0  240  280  50.243  49.186 ( 10)  5  2  0  121  131    3  3  0  119  149
  7 Detroit               3  9  0  231  305  47.288  50.794 (  1)  2  4  0  121  141    1  5  0  110  164
  8 Boston                4  7  1  168  256  47.254  49.620 (  8)  2  3  1  100  124    2  4  0   68  132
  9 Washington            4  8  0  295  367  47.176  49.693 (  7)  4  2  0  174  174    0  6  0  121  193
 10 NY Giants             2  8  2  190  309  45.556  49.793 (  6)  2  4  1  139  181    0  4  1   51  128
