                                     Overall                             Home                 Away
Rnk Team                  W  L  T   PF   PA    RATE     SOS        W  L  T   PF   PA    W  L  T   PF   PA
--- ----                  -  -  -   --   --  ------  ------        -  -  -   --   --    -  -  -   --   --
  1 Miami                17  0  0  440  209  58.111  49.075 ( 24)  8  0  0  229   94    8  0  0  197  108
  2 Washington           13  4  0  385  238  54.810  50.087 ( 13)  8  1  0  193  102    5  2  0  185  122
  3 Pittsburgh           12  4  0  373  203  54.706  49.905 ( 14)  8  1  0  230  100    4  3  0  143  103
  4 Dallas               11  5  0  352  294  53.101  50.467 (  7)  5  2  0  153  145    6  3  0  199  149
  5 Green Bay            10  5  0  307  242  52.855  50.388 (  9)  4  3  0  139  118    6  2  0  168  124
  6 Oakland              10  4  1  372  261  52.707  49.627 ( 19)  5  1  1  191  120    5  3  0  181  141
  7 Cleveland            10  5  0  282  269  51.679  49.653 ( 18)  4  3  0  117  114    6  2  0  165  155
  8 NY Giants             8  6  0  331  247  51.667  50.185 ( 10)  4  3  0  206  138    4  3  0  125  109
  9 Detroit               8  5  1  349  282  51.519  49.768 ( 16)  5  2  0  185  120    3  3  1  164  162
 10 Minnesota             7  7  0  301  252  51.247  50.877 (  5)  3  4  0  135  112    4  3  0  166  140
 11 Cincinnati            8  6  0  299  229  51.034  49.377 ( 22)  4  3  0  136  104    4  3  0  163  125
 12 Kansas City           8  6  0  287  254  50.766  49.857 ( 15)  3  4  0  138  136    5  2  0  149  118
 13 San Francisco         8  6  1  381  279  50.685  49.164 ( 23)  4  3  1  179  140    4  3  0  202  139
 14 NY Jets               7  7  0  367  324  49.716  49.669 ( 17)  4  3  0  161  138    3  4  0  206  186
 15 Atlanta               7  7  0  269  274  48.592  48.651 ( 26)  4  3  0  161  145    3  4  0  108  129
 16 LA Rams               6  7  1  291  286  48.553  48.689 ( 25)  4  3  0  168  135    2  4  1  123  151
 17 Chicago               4  9  1  225  275  48.227  50.429 (  8)  1  5  1  112  168    3  4  0  113  107
 18 San Diego             4  9  1  264  344  48.182  50.977 (  4)  2  5  0  151  160    2  4  1  113  184
 19 Baltimore             5  9  0  235  252  48.052  50.151 ( 11)  2  5  0  123  128    3  4  0  112  124
 20 Denver                5  9  0  325  350  47.946  49.549 ( 20)  3  4  0  197  183    2  5  0  128  167
 21 Buffalo               4  9  1  257  377  47.826  51.221 (  1)  2  4  1  147  181    2  5  0  110  196
 22 St Louis              4  9  1  193  303  47.808  51.104 (  3)  2  5  0   93  162    2  4  1  100  141
 23 New England           3 11  0  192  446  44.613  50.640 (  6)  2  5  0  127  203    1  6  0   65  243
 24 New Orleans           2 11  1  207  371  44.453  49.411 ( 21)  2  5  0  103  144    0  6  1  104  227
 25 Philadelphia          2 11  1  145  352  43.703  50.103 ( 12)  0  6  1   64  166    2  5  0   81  186
 26 Houston               1 13  0  164  380  42.990  51.189 (  2)  1  6  0   90  188    0  7  0   74  192
