                                     Overall                             Home                 Away
Rnk Team                  W  L  T   PF   PA    RATE     SOS        W  L  T   PF   PA    W  L  T   PF   PA
--- ----                  -  -  -   --   --  ------  ------        -  -  -   --   --    -  -  -   --   --
  1 New England          14  2  0  518  313  56.603  51.009 (  7)  8  0  0  272  157    6  2  0  246  156
  2 Pittsburgh           12  4  0  375  232  54.832  50.678 ( 11)  5  3  0  185  110    7  1  0  190  122
  3 Atlanta              13  3  0  414  278  54.351  49.583 ( 19)  7  1  0  214  139    6  2  0  200  139
  4 Baltimore            12  4  0  357  270  54.206  50.550 ( 12)  7  1  0  188  132    5  3  0  169  138
  5 New York Jets        11  5  0  367  304  53.482  50.966 (  8)  5  3  0  166  107    6  2  0  201  197
  6 Green Bay            10  6  0  388  240  53.265  50.790 ( 10)  7  1  0  244  123    3  5  0  144  117
  7 Chicago              11  5  0  334  286  52.541  50.250 ( 13)  5  3  0  176  180    6  2  0  158  106
  8 New Orleans          11  5  0  384  307  52.190  49.413 ( 22)  5  3  0  169  145    6  2  0  215  162
  9 Philadelphia         10  6  0  439  377  51.504  49.965 ( 16)  4  4  0  177  164    6  2  0  262  213
 10 Tampa Bay            10  6  0  331  312  51.176  49.569 ( 20)  4  4  0  157  182    6  2  0  174  130
 11 New York Giants      10  6  0  394  347  51.173  49.375 ( 23)  5  3  0  192  168    5  3  0  202  179
 12 Indianapolis         10  6  0  435  388  51.076  49.429 ( 21)  6  2  0  216  175    4  4  0  219  213
 13 Miami                 7  9  0  273  333  50.427  51.554 (  3)  1  7  0  139  192    6  2  0  134  141
 14 San Diego             9  7  0  441  322  50.084  48.659 ( 29)  6  2  0  245  120    3  5  0  196  202
 15 Kansas City          10  6  0  366  326  49.796  48.185 ( 32)  7  1  0  192  118    3  5  0  174  208
 16 Detroit               6 10  0  362  369  49.728  51.059 (  5)  4  4  0  204  174    2  6  0  158  195
 17 Minnesota             6 10  0  281  348  49.117  51.059 (  6)  4  4  0  143  175    2  6  0  138  173
 18 Oakland               8  8  0  410  371  48.991  48.807 ( 27)  5  3  0  213  182    3  5  0  197  189
 19 Cleveland             5 11  0  271  332  48.832  51.489 (  4)  3  5  0  144  180    2  6  0  127  152
 20 Jacksonville          8  8  0  353  419  48.710  49.214 ( 25)  5  3  0  171  198    3  5  0  182  221
 21 Dallas                6 10  0  394  436  48.617  50.076 ( 15)  2  6  0  221  246    4  4  0  173  190
 22 Tennessee             6 10  0  356  339  48.542  49.757 ( 18)  3  5  0  187  160    3  5  0  169  179
 23 Cincinnati            4 12  0  322  395  48.480  51.699 (  2)  3  5  0  185  203    1  7  0  137  192
 24 Washington            6 10  0  296  377  48.468  50.171 ( 14)  2  6  0  145  187    4  4  0  151  190
 25 Houston               6 10  0  390  427  48.420  49.924 ( 17)  4  4  0  197  196    2  6  0  193  231
 26 Buffalo               4 12  0  283  425  48.079  51.908 (  1)  2  6  0  115  182    2  6  0  168  243
 27 St. Louis             7  9  0  289  328  47.573  48.404 ( 31)  5  3  0  158  141    2  6  0  131  187
 28 Seattle               7  9  0  310  407  47.453  48.764 ( 28)  5  3  0  176  173    2  6  0  134  234
 29 San Francisco         6 10  0  305  346  47.169  48.866 ( 26)  5  3  0  188  146    1  7  0  117  200
 30 Denver                4 12  0  344  471  45.810  49.356 ( 24)  3  5  0  212  245    1  7  0  132  226
 31 Arizona               5 11  0  289  434  45.330  48.656 ( 30)  4  4  0  189  202    1  7  0  100  232
 32 Carolina              2 14  0  196  408  43.973  50.814 (  9)  2  6  0   88  197    0  8  0  108  211
